Entidad,Edad,Total,Hombres,Mujeres
14 Jalisco,Total,7844830,3835069,4009761
14 Jalisco,0 años,136877,68644,68233
14 Jalisco,1 año,134311,68340,65971
14 Jalisco,2 años,142897,71859,71038
14 Jalisco,3 años,146659,74745,71914
14 Jalisco,4 años,148602,75163,73439
14 Jalisco,5 años,147099,74404,72695
14 Jalisco,6 años,146249,73947,72302
14 Jalisco,7 años,146555,73543,73012
14 Jalisco,8 años,147239,75681,71558
14 Jalisco,9 años,142939,72493,70446
14 Jalisco,10 años,148963,74383,74580
14 Jalisco,11 años,145230,73166,72064
14 Jalisco,12 años,149367,74973,74394
14 Jalisco,13 años,145753,72709,73044
14 Jalisco,14 años,155581,78571,77010
14 Jalisco,15 años,148099,75326,72773
14 Jalisco,16 años,138200,69381,68819
14 Jalisco,17 años,141621,72004,69617
14 Jalisco,18 años,148971,75496,73475
14 Jalisco,19 años,138474,69353,69121
14 Jalisco,20 años,144448,71592,72856
14 Jalisco,21 años,135865,68001,67864
14 Jalisco,22 años,150199,76628,73571
14 Jalisco,23 años,140247,70497,69750
14 Jalisco,24 años,138766,68299,70467
14 Jalisco,25 años,135005,65942,69063
14 Jalisco,26 años,123821,58385,65436
14 Jalisco,27 años,125624,61998,63626
14 Jalisco,28 años,127791,62773,65018
14 Jalisco,29 años,115091,55040,60051
14 Jalisco,30 años,142463,68501,73962
14 Jalisco,31 años,101440,48865,52575
14 Jalisco,32 años,127595,61354,66241
14 Jalisco,33 años,111411,53821,57590
14 Jalisco,34 años,114168,55650,58518
14 Jalisco,35 años,117385,55195,62190
14 Jalisco,36 años,106418,50291,56127
14 Jalisco,37 años,108191,53799,54392
14 Jalisco,38 años,117413,56171,61242
14 Jalisco,39 años,102160,47860,54300
14 Jalisco,40 años,131001,64180,66821
14 Jalisco,41 años,88565,43252,45313
14 Jalisco,42 años,122997,61546,61451
14 Jalisco,43 años,98275,47965,50310
14 Jalisco,44 años,91972,43638,48334
14 Jalisco,45 años,102115,49777,52338
14 Jalisco,46 años,81444,38567,42877
14 Jalisco,47 años,81988,39744,42244
14 Jalisco,48 años,85658,39412,46246
14 Jalisco,49 años,78269,36674,41595
14 Jalisco,50 años,99255,46180,53075
14 Jalisco,51 años,60478,28642,31836
14 Jalisco,52 años,82178,38794,43384
14 Jalisco,53 años,69580,32882,36698
14 Jalisco,54 años,72289,33879,38410
14 Jalisco,55 años,67617,31533,36084
14 Jalisco,56 años,61515,29462,32053
14 Jalisco,57 años,57405,26480,30925
14 Jalisco,58 años,60661,27811,32850
14 Jalisco,59 años,54016,24527,29489
14 Jalisco,60 años,68357,32058,36299
14 Jalisco,61 años,38693,18294,20399
14 Jalisco,62 años,52258,23976,28282
14 Jalisco,63 años,48584,22001,26583
14 Jalisco,64 años,45825,21633,24192
14 Jalisco,65 años,56920,25383,31537
14 Jalisco,66 años,38239,17027,21212
14 Jalisco,67 años,38227,18361,19866
14 Jalisco,68 años,36424,17229,19195
14 Jalisco,69 años,28841,14301,14540
14 Jalisco,70 años,38734,18644,20090
14 Jalisco,71 años,21332,9923,11409
14 Jalisco,72 años,31265,14841,16424
14 Jalisco,73 años,26018,12203,13815
14 Jalisco,74 años,26253,11926,14327
14 Jalisco,75 años,25058,11763,13295
14 Jalisco,76 años,20201,8975,11226
14 Jalisco,77 años,16035,7646,8389
14 Jalisco,78 años,20025,9553,10472
14 Jalisco,79 años,13890,6558,7332
14 Jalisco,80 años,18877,8691,10186
14 Jalisco,81 años,9511,4501,5010
14 Jalisco,82 años,11651,5186,6465
14 Jalisco,83 años,10829,4476,6353
14 Jalisco,84 años,11253,5105,6148
14 Jalisco,85 años,10767,4473,6294
14 Jalisco,86 años,7103,3053,4050
14 Jalisco,87 años,6779,2649,4130
14 Jalisco,88 años,5024,2345,2679
14 Jalisco,89 años,4893,2283,2610
14 Jalisco,90 años,5153,1958,3195
14 Jalisco,91 años,2641,1315,1326
14 Jalisco,92 años,3068,1323,1745
14 Jalisco,93 años,2738,1157,1581
14 Jalisco,94 años,1874,656,1218
14 Jalisco,95 años,1851,717,1134
14 Jalisco,96 años,1267,485,782
14 Jalisco,97 años,830,335,495
14 Jalisco,98 años,728,253,475
14 Jalisco,99 años,553,189,364
14 Jalisco,100 años y más,821,384,437
14 Jalisco,No especificado,2975,1452,1523
14 Jalisco,Total,21530,10466,11064
14 Jalisco,0 años,423,196,227
14 Jalisco,1 año,408,198,210
14 Jalisco,2 años,480,224,256
14 Jalisco,3 años,463,244,219
14 Jalisco,4 años,391,215,176
14 Jalisco,5 años,493,241,252
14 Jalisco,6 años,368,167,201
14 Jalisco,7 años,442,241,201
14 Jalisco,8 años,381,165,216
14 Jalisco,9 años,425,200,225
14 Jalisco,10 años,415,238,177
14 Jalisco,11 años,385,207,178
14 Jalisco,12 años,463,241,222
14 Jalisco,13 años,425,201,224
14 Jalisco,14 años,530,279,251
14 Jalisco,15 años,440,222,218
14 Jalisco,16 años,422,225,197
14 Jalisco,17 años,368,171,197
14 Jalisco,18 años,360,161,199
14 Jalisco,19 años,367,187,180
14 Jalisco,20 años,400,171,229
14 Jalisco,21 años,349,181,168
14 Jalisco,22 años,394,179,215
14 Jalisco,23 años,334,186,148
14 Jalisco,24 años,357,153,204
14 Jalisco,25 años,374,154,220
14 Jalisco,26 años,345,156,189
14 Jalisco,27 años,341,140,201
14 Jalisco,28 años,371,161,210
14 Jalisco,29 años,282,144,138
14 Jalisco,30 años,411,186,225
14 Jalisco,31 años,314,158,156
14 Jalisco,32 años,326,134,192
14 Jalisco,33 años,291,157,134
14 Jalisco,34 años,318,131,187
14 Jalisco,35 años,325,171,154
14 Jalisco,36 años,277,154,123
14 Jalisco,37 años,323,154,169
14 Jalisco,38 años,313,161,152
14 Jalisco,39 años,274,138,136
14 Jalisco,40 años,344,192,152
14 Jalisco,41 años,186,72,114
14 Jalisco,42 años,384,209,175
14 Jalisco,43 años,236,123,113
14 Jalisco,44 años,216,118,98
14 Jalisco,45 años,197,91,106
14 Jalisco,46 años,180,81,99
14 Jalisco,47 años,220,113,107
14 Jalisco,48 años,226,92,134
14 Jalisco,49 años,202,97,105
14 Jalisco,50 años,215,102,113
14 Jalisco,51 años,147,73,74
14 Jalisco,52 años,159,72,87
14 Jalisco,53 años,138,73,65
14 Jalisco,54 años,149,54,95
14 Jalisco,55 años,162,75,87
14 Jalisco,56 años,125,63,62
14 Jalisco,57 años,119,60,59
14 Jalisco,58 años,132,54,78
14 Jalisco,59 años,132,62,70
14 Jalisco,60 años,163,81,82
14 Jalisco,61 años,100,54,46
14 Jalisco,62 años,157,73,84
14 Jalisco,63 años,139,49,90
14 Jalisco,64 años,134,59,75
14 Jalisco,65 años,138,68,70
14 Jalisco,66 años,113,50,63
14 Jalisco,67 años,153,83,70
14 Jalisco,68 años,146,85,61
14 Jalisco,69 años,109,46,63
14 Jalisco,70 años,93,41,52
14 Jalisco,71 años,67,37,30
14 Jalisco,72 años,115,50,65
14 Jalisco,73 años,73,29,44
14 Jalisco,74 años,97,54,43
14 Jalisco,75 años,83,49,34
14 Jalisco,76 años,70,31,39
14 Jalisco,77 años,67,22,45
14 Jalisco,78 años,48,26,22
14 Jalisco,79 años,51,33,18
14 Jalisco,80 años,55,18,37
14 Jalisco,81 años,22,10,12
14 Jalisco,82 años,49,33,16
14 Jalisco,83 años,21,7,14
14 Jalisco,84 años,29,9,20
14 Jalisco,85 años,34,23,11
14 Jalisco,86 años,16,2,14
14 Jalisco,87 años,21,14,7
14 Jalisco,88 años,33,17,16
14 Jalisco,89 años,28,8,20
14 Jalisco,90 años,14,5,9
14 Jalisco,91 años,14,4,10
14 Jalisco,92 años,4,2,2
14 Jalisco,93 años,9,7,2
14 Jalisco,94 años,12,7,5
14 Jalisco,95 años,5,3,2
14 Jalisco,96 años,4,2,2
14 Jalisco,97 años,2,2,0
14 Jalisco,98 años,3,3,0
14 Jalisco,100 años y más,2,2,0
002 Acatlán de Juárez,Total,22261,10914,11347
002 Acatlán de Juárez,0 años,377,208,169
002 Acatlán de Juárez,1 años,407,182,225
002 Acatlán de Juárez,2 años,360,162,198
002 Acatlán de Juárez,3 años,397,216,181
002 Acatlán de Juárez,4 años,412,205,207
002 Acatlán de Juárez,5 años,432,181,251
002 Acatlán de Juárez,6 años,450,236,214
002 Acatlán de Juárez,7 años,396,179,217
002 Acatlán de Juárez,8 años,396,213,183
002 Acatlán de Juárez,9 años,395,194,201
002 Acatlán de Juárez,10 años,359,215,144
002 Acatlán de Juárez,11 años,439,231,208
002 Acatlán de Juárez,12 años,466,248,218
002 Acatlán de Juárez,13 años,430,211,219
002 Acatlán de Juárez,14 años,489,246,243
002 Acatlán de Juárez,15 años,484,254,230
002 Acatlán de Juárez,16 años,340,137,203
002 Acatlán de Juárez,17 años,454,235,219
002 Acatlán de Juárez,18 años,388,195,193
002 Acatlán de Juárez,19 años,371,182,189
002 Acatlán de Juárez,20 años,453,233,220
002 Acatlán de Juárez,21 años,382,185,197
002 Acatlán de Juárez,22 años,414,231,183
002 Acatlán de Juárez,23 años,415,210,205
002 Acatlán de Juárez,24 años,399,188,211
002 Acatlán de Juárez,25 años,308,161,147
002 Acatlán de Juárez,26 años,373,187,186
002 Acatlán de Juárez,27 años,369,226,143
002 Acatlán de Juárez,28 años,271,132,139
002 Acatlán de Juárez,29 años,308,132,176
002 Acatlán de Juárez,30 años,326,162,164
002 Acatlán de Juárez,31 años,276,111,165
002 Acatlán de Juárez,32 años,304,165,139
002 Acatlán de Juárez,33 años,242,111,131
002 Acatlán de Juárez,34 años,275,125,150
002 Acatlán de Juárez,35 años,295,129,166
002 Acatlán de Juárez,36 años,283,149,134
002 Acatlán de Juárez,37 años,240,111,129
002 Acatlán de Juárez,38 años,335,149,186
002 Acatlán de Juárez,39 años,270,119,151
002 Acatlán de Juárez,40 años,368,180,188
002 Acatlán de Juárez,41 años,262,136,126
002 Acatlán de Juárez,42 años,399,144,255
002 Acatlán de Juárez,43 años,321,183,138
002 Acatlán de Juárez,44 años,264,139,125
002 Acatlán de Juárez,45 años,295,126,169
002 Acatlán de Juárez,46 años,206,99,107
002 Acatlán de Juárez,47 años,303,139,164
002 Acatlán de Juárez,48 años,259,127,132
002 Acatlán de Juárez,49 años,309,154,155
002 Acatlán de Juárez,50 años,265,145,120
002 Acatlán de Juárez,51 años,203,83,120
002 Acatlán de Juárez,52 años,244,118,126
002 Acatlán de Juárez,53 años,235,124,111
002 Acatlán de Juárez,54 años,225,109,116
002 Acatlán de Juárez,55 años,145,50,95
002 Acatlán de Juárez,56 años,152,74,78
002 Acatlán de Juárez,57 años,180,95,85
002 Acatlán de Juárez,58 años,149,78,71
002 Acatlán de Juárez,59 años,141,71,70
002 Acatlán de Juárez,60 años,171,75,96
002 Acatlán de Juárez,61 años,140,67,73
002 Acatlán de Juárez,62 años,157,49,108
002 Acatlán de Juárez,63 años,149,89,60
002 Acatlán de Juárez,64 años,143,82,61
002 Acatlán de Juárez,65 años,146,70,76
002 Acatlán de Juárez,66 años,132,62,70
002 Acatlán de Juárez,67 años,158,75,83
002 Acatlán de Juárez,68 años,123,61,62
002 Acatlán de Juárez,69 años,82,41,41
002 Acatlán de Juárez,70 años,108,51,57
002 Acatlán de Juárez,71 años,74,28,46
002 Acatlán de Juárez,72 años,89,46,43
002 Acatlán de Juárez,73 años,67,33,34
002 Acatlán de Juárez,74 años,114,28,86
002 Acatlán de Juárez,75 años,79,39,40
002 Acatlán de Juárez,76 años,77,38,39
002 Acatlán de Juárez,77 años,54,35,19
002 Acatlán de Juárez,78 años,81,36,45
002 Acatlán de Juárez,79 años,48,19,29
002 Acatlán de Juárez,80 años,48,20,28
002 Acatlán de Juárez,81 años,19,8,11
002 Acatlán de Juárez,82 años,33,17,16
002 Acatlán de Juárez,83 años,47,29,18
002 Acatlán de Juárez,84 años,31,15,16
002 Acatlán de Juárez,85 años,38,18,20
002 Acatlán de Juárez,86 años,40,20,20
002 Acatlán de Juárez,87 años,19,8,11
002 Acatlán de Juárez,88 años,19,6,13
002 Acatlán de Juárez,89 años,14,12,2
002 Acatlán de Juárez,90 años,9,6,3
002 Acatlán de Juárez,91 años,2,0,2
002 Acatlán de Juárez,92 años,10,2,8
002 Acatlán de Juárez,93 años,12,6,6
002 Acatlán de Juárez,94 años,10,3,7
002 Acatlán de Juárez,95 años,3,0,3
002 Acatlán de Juárez,97 años,5,0,5
002 Acatlán de Juárez,99 años,2,0,2
002 Acatlán de Juárez,100 años y más,3,0,3
002 Acatlán de Juárez,Total,23362,11371,11991
002 Acatlán de Juárez,0 años,427,216,211
002 Acatlán de Juárez,1 años,430,213,217
002 Acatlán de Juárez,2 años,433,189,244
002 Acatlán de Juárez,3 años,481,251,230
002 Acatlán de Juárez,4 años,466,244,222
002 Acatlán de Juárez,5 años,440,237,203
002 Acatlán de Juárez,6 años,483,253,230
002 Acatlán de Juárez,7 años,433,206,227
002 Acatlán de Juárez,8 años,478,236,242
002 Acatlán de Juárez,9 años,437,233,204
002 Acatlán de Juárez,10 años,406,197,209
002 Acatlán de Juárez,11 años,462,207,255
002 Acatlán de Juárez,12 años,488,254,234
002 Acatlán de Juárez,13 años,416,188,228
002 Acatlán de Juárez,14 años,478,250,228
002 Acatlán de Juárez,15 años,392,198,194
002 Acatlán de Juárez,16 años,483,223,260
002 Acatlán de Juárez,17 años,454,226,228
002 Acatlán de Juárez,18 años,398,180,218
002 Acatlán de Juárez,19 años,378,193,185
002 Acatlán de Juárez,20 años,367,176,191
002 Acatlán de Juárez,21 años,345,157,188
002 Acatlán de Juárez,22 años,418,208,210
002 Acatlán de Juárez,23 años,401,189,212
002 Acatlán de Juárez,24 años,328,180,148
002 Acatlán de Juárez,25 años,349,152,197
002 Acatlán de Juárez,26 años,361,154,207
002 Acatlán de Juárez,27 años,342,131,211
002 Acatlán de Juárez,28 años,342,167,175
002 Acatlán de Juárez,29 años,365,171,194
002 Acatlán de Juárez,30 años,402,189,213
002 Acatlán de Juárez,31 años,291,140,151
002 Acatlán de Juárez,32 años,363,184,179
002 Acatlán de Juárez,33 años,339,161,178
002 Acatlán de Juárez,34 años,382,209,173
002 Acatlán de Juárez,35 años,331,146,185
002 Acatlán de Juárez,36 años,321,141,180
002 Acatlán de Juárez,37 años,335,163,172
002 Acatlán de Juárez,38 años,286,142,144
002 Acatlán de Juárez,39 años,278,124,154
002 Acatlán de Juárez,40 años,280,169,111
002 Acatlán de Juárez,41 años,327,148,179
002 Acatlán de Juárez,42 años,358,175,183
002 Acatlán de Juárez,43 años,232,129,103
002 Acatlán de Juárez,44 años,220,119,101
002 Acatlán de Juárez,45 años,227,119,108
002 Acatlán de Juárez,46 años,232,95,137
002 Acatlán de Juárez,47 años,265,128,137
002 Acatlán de Juárez,48 años,285,100,185
002 Acatlán de Juárez,49 años,258,115,143
002 Acatlán de Juárez,50 años,262,149,113
002 Acatlán de Juárez,51 años,226,110,116
002 Acatlán de Juárez,52 años,235,116,119
002 Acatlán de Juárez,53 años,244,110,134
002 Acatlán de Juárez,54 años,201,98,103
002 Acatlán de Juárez,55 años,220,113,107
002 Acatlán de Juárez,56 años,218,107,111
002 Acatlán de Juárez,57 años,222,102,120
002 Acatlán de Juárez,58 años,175,79,96
002 Acatlán de Juárez,59 años,158,87,71
002 Acatlán de Juárez,60 años,168,78,90
002 Acatlán de Juárez,61 años,135,69,66
002 Acatlán de Juárez,62 años,173,98,75
002 Acatlán de Juárez,63 años,185,102,83
002 Acatlán de Juárez,64 años,99,46,53
002 Acatlán de Juárez,65 años,163,91,72
002 Acatlán de Juárez,66 años,128,58,70
002 Acatlán de Juárez,67 años,157,70,87
002 Acatlán de Juárez,68 años,129,51,78
002 Acatlán de Juárez,69 años,118,91,27
002 Acatlán de Juárez,70 años,112,57,55
002 Acatlán de Juárez,71 años,73,38,35
002 Acatlán de Juárez,72 años,96,45,51
002 Acatlán de Juárez,73 años,62,30,32
002 Acatlán de Juárez,74 años,85,39,46
002 Acatlán de Juárez,75 años,100,39,61
002 Acatlán de Juárez,76 años,68,39,29
002 Acatlán de Juárez,77 años,48,25,23
002 Acatlán de Juárez,78 años,59,31,28
002 Acatlán de Juárez,79 años,55,24,31
002 Acatlán de Juárez,80 años,68,24,44
002 Acatlán de Juárez,81 años,45,13,32
002 Acatlán de Juárez,82 años,31,12,19
002 Acatlán de Juárez,83 años,35,18,17
002 Acatlán de Juárez,84 años,46,23,23
002 Acatlán de Juárez,85 años,36,16,20
002 Acatlán de Juárez,86 años,33,11,22
002 Acatlán de Juárez,87 años,22,0,22
002 Acatlán de Juárez,88 años,17,6,11
002 Acatlán de Juárez,89 años,50,25,25
002 Acatlán de Juárez,90 años,39,21,18
002 Acatlán de Juárez,91 años,16,8,8
002 Acatlán de Juárez,92 años,6,0,6
002 Acatlán de Juárez,93 años,18,10,8
002 Acatlán de Juárez,94 años,6,6,0
002 Acatlán de Juárez,95 años,4,2,2
002 Acatlán de Juárez,96 años,3,0,3
002 Acatlán de Juárez,98 años,3,3,0
002 Acatlán de Juárez,99 años,3,3,0
002 Acatlán de Juárez,100 años y más,3,0,3
002 Acatlán de Juárez,No especificado,11,3,8
004 Amacueca,Total,5385,2654,2731
004 Amacueca,0 años,96,49,47
004 Amacueca,1 años,87,42,45
004 Amacueca,2 años,86,49,37
004 Amacueca,3 años,119,71,48
004 Amacueca,4 años,107,39,68
004 Amacueca,5 años,118,66,52
004 Amacueca,6 años,98,47,51
004 Amacueca,7 años,113,49,64
004 Amacueca,8 años,103,57,46
004 Amacueca,9 años,87,46,41
004 Amacueca,10 años,90,40,50
004 Amacueca,11 años,111,51,60
004 Amacueca,12 años,111,66,45
004 Amacueca,13 años,112,57,55
004 Amacueca,14 años,108,60,48
004 Amacueca,15 años,104,57,47
004 Amacueca,16 años,88,51,37
004 Amacueca,17 años,99,53,46
004 Amacueca,18 años,97,55,42
004 Amacueca,19 años,77,42,35
004 Amacueca,20 años,96,48,48
004 Amacueca,21 años,77,36,41
004 Amacueca,22 años,76,42,34
004 Amacueca,23 años,86,45,41
004 Amacueca,24 años,96,47,49
004 Amacueca,25 años,66,31,35
004 Amacueca,26 años,70,33,37
004 Amacueca,27 años,74,30,44
004 Amacueca,28 años,69,33,36
004 Amacueca,29 años,81,44,37
004 Amacueca,30 años,76,31,45
004 Amacueca,31 años,62,31,31
004 Amacueca,32 años,63,39,24
004 Amacueca,33 años,78,28,50
004 Amacueca,34 años,67,31,36
004 Amacueca,35 años,59,21,38
004 Amacueca,36 años,81,30,51
004 Amacueca,37 años,71,28,43
004 Amacueca,38 años,97,59,38
004 Amacueca,39 años,80,39,41
004 Amacueca,40 años,74,44,30
004 Amacueca,41 años,63,28,35
004 Amacueca,42 años,81,43,38
004 Amacueca,43 años,57,22,35
004 Amacueca,44 años,56,28,28
004 Amacueca,45 años,58,26,32
004 Amacueca,46 años,44,22,22
004 Amacueca,47 años,43,19,24
004 Amacueca,48 años,59,31,28
004 Amacueca,49 años,59,30,29
004 Amacueca,50 años,46,16,30
004 Amacueca,51 años,50,24,26
004 Amacueca,52 años,51,29,22
004 Amacueca,53 años,48,32,16
004 Amacueca,54 años,57,22,35
004 Amacueca,55 años,44,20,24
004 Amacueca,56 años,57,29,28
004 Amacueca,57 años,49,29,20
004 Amacueca,58 años,57,26,31
004 Amacueca,59 años,41,20,21
004 Amacueca,60 años,49,14,35
004 Amacueca,61 años,36,16,20
004 Amacueca,62 años,52,19,33
004 Amacueca,63 años,40,16,24
004 Amacueca,64 años,42,22,20
004 Amacueca,65 años,29,15,14
004 Amacueca,66 años,36,12,24
004 Amacueca,67 años,35,18,17
004 Amacueca,68 años,22,13,9
004 Amacueca,69 años,29,15,14
004 Amacueca,70 años,35,24,11
004 Amacueca,71 años,18,13,5
004 Amacueca,72 años,32,8,24
004 Amacueca,73 años,12,5,7
004 Amacueca,74 años,21,11,10
004 Amacueca,75 años,21,7,14
004 Amacueca,76 años,19,6,13
004 Amacueca,77 años,16,5,11
004 Amacueca,78 años,16,8,8
004 Amacueca,79 años,22,7,15
004 Amacueca,80 años,22,13,9
004 Amacueca,81 años,18,6,12
004 Amacueca,82 años,16,9,7
004 Amacueca,83 años,15,5,10
004 Amacueca,84 años,20,11,9
004 Amacueca,85 años,19,11,8
004 Amacueca,86 años,8,3,5
004 Amacueca,87 años,1,1,0
004 Amacueca,88 años,12,6,6
004 Amacueca,89 años,2,0,2
004 Amacueca,90 años,7,2,5
004 Amacueca,91 años,5,5,0
004 Amacueca,92 años,6,1,5
004 Amacueca,93 años,5,4,1
004 Amacueca,94 años,1,1,0
004 Amacueca,95 años,3,2,1
004 Amacueca,96 años,3,3,0
004 Amacueca,97 años,2,1,1
004 Amacueca,98 años,1,1,0
004 Amacueca,99 años,4,2,2
004 Amacueca,100 años y más,3,0,3
005 Amatitán,Total,15344,7522,7822
005 Amatitán,0 años,283,157,126
005 Amatitán,1 años,250,104,146
005 Amatitán,2 años,352,169,183
005 Amatitán,3 años,309,144,165
005 Amatitán,4 años,349,184,165
005 Amatitán,5 años,302,149,153
005 Amatitán,6 años,310,135,175
005 Amatitán,7 años,327,157,170
005 Amatitán,8 años,314,190,124
005 Amatitán,9 años,291,143,148
005 Amatitán,10 años,326,135,191
005 Amatitán,11 años,271,139,132
005 Amatitán,12 años,372,198,174
005 Amatitán,13 años,340,162,178
005 Amatitán,14 años,369,188,181
005 Amatitán,15 años,289,129,160
005 Amatitán,16 años,276,124,152
005 Amatitán,17 años,325,141,184
005 Amatitán,18 años,318,170,148
005 Amatitán,19 años,283,137,146
005 Amatitán,20 años,280,141,139
005 Amatitán,21 años,250,120,130
005 Amatitán,22 años,282,164,118
005 Amatitán,23 años,331,181,150
005 Amatitán,24 años,266,131,135
005 Amatitán,25 años,266,127,139
005 Amatitán,26 años,236,123,113
005 Amatitán,27 años,190,87,103
005 Amatitán,28 años,226,110,116
005 Amatitán,29 años,175,66,109
005 Amatitán,30 años,227,108,119
005 Amatitán,31 años,177,92,85
005 Amatitán,32 años,213,118,95
005 Amatitán,33 años,179,93,86
005 Amatitán,34 años,216,96,120
005 Amatitán,35 años,207,85,122
005 Amatitán,36 años,170,81,89
005 Amatitán,37 años,212,84,128
005 Amatitán,38 años,222,113,109
005 Amatitán,39 años,207,105,102
005 Amatitán,40 años,221,106,115
005 Amatitán,41 años,192,95,97
005 Amatitán,42 años,229,119,110
005 Amatitán,43 años,217,115,102
005 Amatitán,44 años,194,88,106
005 Amatitán,45 años,224,106,118
005 Amatitán,46 años,141,53,88
005 Amatitán,47 años,158,84,74
005 Amatitán,48 años,147,77,70
005 Amatitán,49 años,170,81,89
005 Amatitán,50 años,180,106,74
005 Amatitán,51 años,140,63,77
005 Amatitán,52 años,152,65,87
005 Amatitán,53 años,109,52,57
005 Amatitán,54 años,134,66,68
005 Amatitán,55 años,120,56,64
005 Amatitán,56 años,147,66,81
005 Amatitán,57 años,129,64,65
005 Amatitán,58 años,90,44,46
005 Amatitán,59 años,108,50,58
005 Amatitán,60 años,109,55,54
005 Amatitán,61 años,48,25,23
005 Amatitán,62 años,87,41,46
005 Amatitán,63 años,75,42,33
005 Amatitán,64 años,85,47,38
005 Amatitán,65 años,105,55,50
005 Amatitán,66 años,41,19,22
005 Amatitán,67 años,58,16,42
005 Amatitán,68 años,50,21,29
005 Amatitán,69 años,42,23,19
005 Amatitán,70 años,65,37,28
005 Amatitán,71 años,38,21,17
005 Amatitán,72 años,62,32,30
005 Amatitán,73 años,43,24,19
005 Amatitán,74 años,47,23,24
005 Amatitán,75 años,42,21,21
005 Amatitán,76 años,27,12,15
005 Amatitán,77 años,34,15,19
005 Amatitán,78 años,53,24,29
005 Amatitán,79 años,22,12,10
005 Amatitán,80 años,20,8,12
005 Amatitán,81 años,14,4,10
005 Amatitán,82 años,16,6,10
005 Amatitán,83 años,31,13,18
005 Amatitán,84 años,21,13,8
005 Amatitán,85 años,20,13,7
005 Amatitán,86 años,20,16,4
005 Amatitán,87 años,9,9,0
005 Amatitán,88 años,6,2,4
005 Amatitán,89 años,14,7,7
005 Amatitán,90 años,18,12,6
005 Amatitán,91 años,5,5,0
005 Amatitán,92 años,3,0,3
005 Amatitán,93 años,4,3,1
005 Amatitán,94 años,2,2,0
005 Amatitán,95 años,2,2,0
005 Amatitán,96 años,2,2,0
005 Amatitán,97 años,4,0,4
005 Amatitán,100 años y más,2,2,0
005 Amatitán,No especificado,8,2,6
006 Ameca,Total,60951,29729,31222
006 Ameca,0 años,1057,570,487
006 Ameca,1 años,1023,501,522
006 Ameca,2 años,1151,503,648
006 Ameca,3 años,1196,629,567
006 Ameca,4 años,1064,535,529
006 Ameca,5 años,1022,432,590
006 Ameca,6 años,1112,552,560
006 Ameca,7 años,1122,533,589
006 Ameca,8 años,1107,594,513
006 Ameca,9 años,1060,544,516
006 Ameca,10 años,1092,549,543
006 Ameca,11 años,1174,587,587
006 Ameca,12 años,1015,514,501
006 Ameca,13 años,1134,561,573
006 Ameca,14 años,1073,530,543
006 Ameca,15 años,1062,594,468
006 Ameca,16 años,1075,535,540
006 Ameca,17 años,1129,578,551
006 Ameca,18 años,1080,550,530
006 Ameca,19 años,946,489,457
006 Ameca,20 años,992,443,549
006 Ameca,21 años,914,460,454
006 Ameca,22 años,1085,555,530
006 Ameca,23 años,925,463,462
006 Ameca,24 años,976,556,420
006 Ameca,25 años,977,492,485
006 Ameca,26 años,903,413,490
006 Ameca,27 años,845,465,380
006 Ameca,28 años,880,399,481
006 Ameca,29 años,860,397,463
006 Ameca,30 años,869,412,457
006 Ameca,31 años,738,305,433
006 Ameca,32 años,762,347,415
006 Ameca,33 años,703,307,396
006 Ameca,34 años,708,374,334
006 Ameca,35 años,766,336,430
006 Ameca,36 años,906,421,485
006 Ameca,37 años,914,505,409
006 Ameca,38 años,992,455,537
006 Ameca,39 años,710,300,410
006 Ameca,40 años,866,450,416
006 Ameca,41 años,568,242,326
006 Ameca,42 años,841,457,384
006 Ameca,43 años,682,343,339
006 Ameca,44 años,812,389,423
006 Ameca,45 años,750,304,446
006 Ameca,46 años,624,347,277
006 Ameca,47 años,582,292,290
006 Ameca,48 años,578,302,276
006 Ameca,49 años,496,251,245
006 Ameca,50 años,716,304,412
006 Ameca,51 años,560,231,329
006 Ameca,52 años,730,356,374
006 Ameca,53 años,626,264,362
006 Ameca,54 años,646,302,344
006 Ameca,55 años,592,285,307
006 Ameca,56 años,630,334,296
006 Ameca,57 años,551,222,329
006 Ameca,58 años,723,387,336
006 Ameca,59 años,527,220,307
006 Ameca,60 años,645,276,369
006 Ameca,61 años,385,176,209
006 Ameca,62 años,599,262,337
006 Ameca,63 años,471,242,229
006 Ameca,64 años,379,192,187
006 Ameca,65 años,551,231,320
006 Ameca,66 años,509,230,279
006 Ameca,67 años,346,182,164
006 Ameca,68 años,383,193,190
006 Ameca,69 años,317,155,162
006 Ameca,70 años,390,199,191
006 Ameca,71 años,239,100,139
006 Ameca,72 años,360,177,183
006 Ameca,73 años,345,191,154
006 Ameca,74 años,321,157,164
006 Ameca,75 años,273,167,106
006 Ameca,76 años,197,111,86
006 Ameca,77 años,204,76,128
006 Ameca,78 años,216,101,115
006 Ameca,79 años,191,99,92
006 Ameca,80 años,197,90,107
006 Ameca,81 años,125,66,59
006 Ameca,82 años,133,74,59
006 Ameca,83 años,120,67,53
006 Ameca,84 años,179,63,116
006 Ameca,85 años,87,49,38
006 Ameca,86 años,87,49,38
006 Ameca,87 años,70,26,44
006 Ameca,88 años,65,30,35
006 Ameca,89 años,66,33,33
006 Ameca,90 años,70,16,54
006 Ameca,91 años,41,19,22
006 Ameca,92 años,27,8,19
006 Ameca,93 años,13,4,9
006 Ameca,94 años,35,9,26
006 Ameca,95 años,20,10,10
006 Ameca,96 años,14,9,5
006 Ameca,97 años,5,0,5
006 Ameca,98 años,9,0,9
006 Ameca,99 años,10,0,10
006 Ameca,No especificado,38,23,15
007 San Juanito de Escobedo,Total,9420,4729,4691
007 San Juanito de Escobedo,0 años,130,68,62
007 San Juanito de Escobedo,1 años,174,88,86
007 San Juanito de Escobedo,2 años,152,69,83
007 San Juanito de Escobedo,3 años,172,92,80
007 San Juanito de Escobedo,4 años,210,99,111
007 San Juanito de Escobedo,5 años,169,101,68
007 San Juanito de Escobedo,6 años,194,92,102
007 San Juanito de Escobedo,7 años,186,91,95
007 San Juanito de Escobedo,8 años,222,109,113
007 San Juanito de Escobedo,9 años,210,96,114
007 San Juanito de Escobedo,10 años,184,90,94
007 San Juanito de Escobedo,11 años,200,100,100
007 San Juanito de Escobedo,12 años,174,88,86
007 San Juanito de Escobedo,13 años,188,88,100
007 San Juanito de Escobedo,14 años,198,108,90
007 San Juanito de Escobedo,15 años,191,105,86
007 San Juanito de Escobedo,16 años,196,106,90
007 San Juanito de Escobedo,17 años,187,98,89
007 San Juanito de Escobedo,18 años,183,104,79
007 San Juanito de Escobedo,19 años,176,91,85
007 San Juanito de Escobedo,20 años,145,71,74
007 San Juanito de Escobedo,21 años,149,68,81
007 San Juanito de Escobedo,22 años,170,85,85
007 San Juanito de Escobedo,23 años,107,57,50
007 San Juanito de Escobedo,24 años,118,61,57
007 San Juanito de Escobedo,25 años,113,64,49
007 San Juanito de Escobedo,26 años,127,57,70
007 San Juanito de Escobedo,27 años,130,72,58
007 San Juanito de Escobedo,28 años,117,53,64
007 San Juanito de Escobedo,29 años,96,42,54
007 San Juanito de Escobedo,30 años,141,71,70
007 San Juanito de Escobedo,31 años,103,48,55
007 San Juanito de Escobedo,32 años,124,52,72
007 San Juanito de Escobedo,33 años,98,42,56
007 San Juanito de Escobedo,34 años,121,65,56
007 San Juanito de Escobedo,35 años,117,45,72
007 San Juanito de Escobedo,36 años,94,49,45
007 San Juanito de Escobedo,37 años,125,65,60
007 San Juanito de Escobedo,38 años,131,69,62
007 San Juanito de Escobedo,39 años,167,87,80
007 San Juanito de Escobedo,40 años,106,60,46
007 San Juanito de Escobedo,41 años,111,54,57
007 San Juanito de Escobedo,42 años,145,74,71
007 San Juanito de Escobedo,43 años,120,64,56
007 San Juanito de Escobedo,44 años,117,58,59
007 San Juanito de Escobedo,45 años,92,46,46
007 San Juanito de Escobedo,46 años,122,54,68
007 San Juanito de Escobedo,47 años,116,60,56
007 San Juanito de Escobedo,48 años,79,38,41
007 San Juanito de Escobedo,49 años,99,53,46
007 San Juanito de Escobedo,50 años,103,45,58
007 San Juanito de Escobedo,51 años,72,31,41
007 San Juanito de Escobedo,52 años,93,45,48
007 San Juanito de Escobedo,53 años,62,28,34
007 San Juanito de Escobedo,54 años,77,43,34
007 San Juanito de Escobedo,55 años,63,29,34
007 San Juanito de Escobedo,56 años,91,41,50
007 San Juanito de Escobedo,57 años,83,37,46
007 San Juanito de Escobedo,58 años,72,35,37
007 San Juanito de Escobedo,59 años,57,29,28
007 San Juanito de Escobedo,60 años,100,51,49
007 San Juanito de Escobedo,61 años,52,18,34
007 San Juanito de Escobedo,62 años,83,33,50
007 San Juanito de Escobedo,63 años,63,33,30
007 San Juanito de Escobedo,64 años,62,34,28
007 San Juanito de Escobedo,65 años,100,46,54
007 San Juanito de Escobedo,66 años,51,20,31
007 San Juanito de Escobedo,67 años,51,32,19
007 San Juanito de Escobedo,68 años,48,38,10
007 San Juanito de Escobedo,69 años,48,23,25
007 San Juanito de Escobedo,70 años,47,25,22
007 San Juanito de Escobedo,71 años,32,16,16
007 San Juanito de Escobedo,72 años,73,41,32
007 San Juanito de Escobedo,73 años,39,20,19
007 San Juanito de Escobedo,74 años,42,26,16
007 San Juanito de Escobedo,75 años,73,38,35
007 San Juanito de Escobedo,76 años,22,13,9
007 San Juanito de Escobedo,77 años,32,13,19
007 San Juanito de Escobedo,78 años,41,23,18
007 San Juanito de Escobedo,79 años,33,18,15
007 San Juanito de Escobedo,80 años,30,16,14
007 San Juanito de Escobedo,81 años,26,13,13
007 San Juanito de Escobedo,82 años,32,18,14
007 San Juanito de Escobedo,83 años,30,17,13
007 San Juanito de Escobedo,84 años,23,11,12
007 San Juanito de Escobedo,85 años,20,12,8
007 San Juanito de Escobedo,86 años,12,6,6
007 San Juanito de Escobedo,87 años,14,5,9
007 San Juanito de Escobedo,88 años,14,9,5
007 San Juanito de Escobedo,89 años,9,3,6
007 San Juanito de Escobedo,90 años,12,9,3
007 San Juanito de Escobedo,91 años,13,9,4
007 San Juanito de Escobedo,92 años,3,1,2
007 San Juanito de Escobedo,93 años,5,2,3
007 San Juanito de Escobedo,94 años,4,3,1
007 San Juanito de Escobedo,95 años,4,1,3
007 San Juanito de Escobedo,96 años,1,1,0
007 San Juanito de Escobedo,97 años,3,2,1
007 San Juanito de Escobedo,100 años y más,4,0,4
008 Arandas,Total,77116,36623,40493
008 Arandas,0 años,1352,665,687
008 Arandas,1 años,1197,669,528
008 Arandas,2 años,1424,717,707
008 Arandas,3 años,1412,666,746
008 Arandas,4 años,1629,850,779
008 Arandas,5 años,1490,774,716
008 Arandas,6 años,1331,662,669
008 Arandas,7 años,1392,711,681
008 Arandas,8 años,1502,730,772
008 Arandas,9 años,1340,671,669
008 Arandas,10 años,1732,923,809
008 Arandas,11 años,1617,800,817
008 Arandas,12 años,2007,1053,954
008 Arandas,13 años,1607,861,746
008 Arandas,14 años,1664,859,805
008 Arandas,15 años,1807,914,893
008 Arandas,16 años,1588,678,910
008 Arandas,17 años,1556,690,866
008 Arandas,18 años,1632,721,911
008 Arandas,19 años,1277,612,665
008 Arandas,20 años,1388,712,676
008 Arandas,21 años,1278,638,640
008 Arandas,22 años,1444,631,813
008 Arandas,23 años,1228,554,674
008 Arandas,24 años,1221,536,685
008 Arandas,25 años,1440,625,815
008 Arandas,26 años,1213,536,677
008 Arandas,27 años,1120,537,583
008 Arandas,28 años,1125,546,579
008 Arandas,29 años,971,517,454
008 Arandas,30 años,1227,571,656
008 Arandas,31 años,922,409,513
008 Arandas,32 años,1134,467,667
008 Arandas,33 años,1101,487,614
008 Arandas,34 años,1140,480,660
008 Arandas,35 años,1098,522,576
008 Arandas,36 años,1183,514,669
008 Arandas,37 años,1162,572,590
008 Arandas,38 años,1143,564,579
008 Arandas,39 años,874,430,444
008 Arandas,40 años,1335,593,742
008 Arandas,41 años,942,416,526
008 Arandas,42 años,1142,530,612
008 Arandas,43 años,914,406,508
008 Arandas,44 años,863,412,451
008 Arandas,45 años,1138,530,608
008 Arandas,46 años,856,404,452
008 Arandas,47 años,811,424,387
008 Arandas,48 años,793,401,392
008 Arandas,49 años,699,287,412
008 Arandas,50 años,1139,362,777
008 Arandas,51 años,696,301,395
008 Arandas,52 años,887,465,422
008 Arandas,53 años,660,326,334
008 Arandas,54 años,686,313,373
008 Arandas,55 años,623,287,336
008 Arandas,56 años,551,297,254
008 Arandas,57 años,416,238,178
008 Arandas,58 años,456,187,269
008 Arandas,59 años,456,191,265
008 Arandas,60 años,720,331,389
008 Arandas,61 años,309,142,167
008 Arandas,62 años,473,189,284
008 Arandas,63 años,298,80,218
008 Arandas,64 años,297,143,154
008 Arandas,65 años,375,194,181
008 Arandas,66 años,388,153,235
008 Arandas,67 años,334,141,193
008 Arandas,68 años,438,221,217
008 Arandas,69 años,311,106,205
008 Arandas,70 años,350,137,213
008 Arandas,71 años,174,96,78
008 Arandas,72 años,277,124,153
008 Arandas,73 años,105,43,62
008 Arandas,74 años,287,92,195
008 Arandas,75 años,200,120,80
008 Arandas,76 años,163,59,104
008 Arandas,77 años,167,51,116
008 Arandas,78 años,222,104,118
008 Arandas,79 años,121,66,55
008 Arandas,80 años,224,124,100
008 Arandas,81 años,100,47,53
008 Arandas,82 años,150,100,50
008 Arandas,83 años,125,52,73
008 Arandas,84 años,67,33,34
008 Arandas,85 años,97,67,30
008 Arandas,86 años,76,35,41
008 Arandas,87 años,22,15,7
008 Arandas,88 años,35,29,6
008 Arandas,89 años,19,7,12
008 Arandas,90 años,46,25,21
008 Arandas,91 años,9,4,5
008 Arandas,92 años,13,13,0
008 Arandas,93 años,23,10,13
008 Arandas,94 años,23,7,16
008 Arandas,95 años,9,9,0
008 Arandas,97 años,10,7,3
008 Arandas,98 años,3,3,0
008 Arandas,100 años y más,9,0,9
008 Arandas,No especificado,16,0,16
009  El Arenal,Total,19900,9856,10044
009  El Arenal,0 años,389,196,193
009  El Arenal,1 años,434,193,241
009  El Arenal,2 años,394,182,212
009  El Arenal,3 años,437,203,234
009  El Arenal,4 años,407,195,212
009  El Arenal,5 años,414,204,210
009  El Arenal,6 años,423,229,194
009  El Arenal,7 años,452,238,214
009  El Arenal,8 años,401,209,192
009  El Arenal,9 años,471,247,224
009  El Arenal,10 años,456,233,223
009  El Arenal,11 años,408,220,188
009  El Arenal,12 años,372,197,175
009  El Arenal,13 años,426,233,193
009  El Arenal,14 años,447,231,216
009  El Arenal,15 años,421,217,204
009  El Arenal,16 años,387,194,193
009  El Arenal,17 años,332,180,152
009  El Arenal,18 años,459,207,252
009  El Arenal,19 años,357,156,201
009  El Arenal,20 años,354,167,187
009  El Arenal,21 años,368,186,182
009  El Arenal,22 años,342,189,153
009  El Arenal,23 años,350,183,167
009  El Arenal,24 años,347,167,180
009  El Arenal,25 años,309,170,139
009  El Arenal,26 años,313,147,166
009  El Arenal,27 años,264,137,127
009  El Arenal,28 años,347,148,199
009  El Arenal,29 años,291,156,135
009  El Arenal,30 años,424,203,221
009  El Arenal,31 años,254,115,139
009  El Arenal,32 años,269,141,128
009  El Arenal,33 años,248,111,137
009  El Arenal,34 años,246,123,123
009  El Arenal,35 años,255,123,132
009  El Arenal,36 años,256,122,134
009  El Arenal,37 años,262,118,144
009  El Arenal,38 años,304,136,168
009  El Arenal,39 años,253,117,136
009  El Arenal,40 años,291,127,164
009  El Arenal,41 años,296,126,170
009  El Arenal,42 años,309,162,147
009  El Arenal,43 años,263,146,117
009  El Arenal,44 años,233,122,111
009  El Arenal,45 años,234,111,123
009  El Arenal,46 años,179,97,82
009  El Arenal,47 años,195,99,96
009  El Arenal,48 años,196,102,94
009  El Arenal,49 años,146,69,77
009  El Arenal,50 años,246,104,142
009  El Arenal,51 años,169,72,97
009  El Arenal,52 años,164,78,86
009  El Arenal,53 años,139,73,66
009  El Arenal,54 años,186,82,104
009  El Arenal,55 años,137,74,63
009  El Arenal,56 años,157,80,77
009  El Arenal,57 años,133,73,60
009  El Arenal,58 años,140,86,54
009  El Arenal,59 años,138,70,68
009  El Arenal,60 años,126,66,60
009  El Arenal,61 años,74,37,37
009  El Arenal,62 años,94,50,44
009  El Arenal,63 años,101,51,50
009  El Arenal,64 años,103,49,54
009  El Arenal,65 años,101,52,49
009  El Arenal,66 años,80,23,57
009  El Arenal,67 años,78,41,37
009  El Arenal,68 años,64,30,34
009  El Arenal,69 años,51,24,27
009  El Arenal,70 años,65,43,22
009  El Arenal,71 años,35,21,14
009  El Arenal,72 años,68,19,49
009  El Arenal,73 años,58,35,23
009  El Arenal,74 años,58,39,19
009  El Arenal,75 años,48,23,25
009  El Arenal,76 años,49,15,34
009  El Arenal,77 años,40,20,20
009  El Arenal,78 años,24,4,20
009  El Arenal,79 años,16,8,8
009  El Arenal,80 años,34,21,13
009  El Arenal,81 años,17,5,12
009  El Arenal,82 años,34,6,28
009  El Arenal,83 años,23,14,9
009  El Arenal,84 años,36,20,16
009  El Arenal,85 años,22,13,9
009  El Arenal,86 años,18,6,12
009  El Arenal,87 años,8,6,2
009  El Arenal,88 años,7,2,5
009  El Arenal,89 años,16,8,8
009  El Arenal,90 años,12,4,8
009  El Arenal,91 años,8,6,2
009  El Arenal,92 años,6,4,2
009  El Arenal,93 años,10,8,2
009  El Arenal,94 años,4,0,4
009  El Arenal,96 años,6,0,6
009  El Arenal,97 años,2,2,0
009  El Arenal,100 años y más,2,0,2
009  El Arenal,No especificado,8,5,3
010 Atemajac de Brizuela,Total,6717,3311,3406
010 Atemajac de Brizuela,0 años,149,71,78
010 Atemajac de Brizuela,1 años,139,67,72
010 Atemajac de Brizuela,2 años,149,84,65
010 Atemajac de Brizuela,3 años,181,75,106
010 Atemajac de Brizuela,4 años,163,81,82
010 Atemajac de Brizuela,5 años,156,80,76
010 Atemajac de Brizuela,6 años,157,73,84
010 Atemajac de Brizuela,7 años,163,81,82
010 Atemajac de Brizuela,8 años,160,85,75
010 Atemajac de Brizuela,9 años,140,79,61
010 Atemajac de Brizuela,10 años,158,78,80
010 Atemajac de Brizuela,11 años,148,72,76
010 Atemajac de Brizuela,12 años,169,83,86
010 Atemajac de Brizuela,13 años,151,78,73
010 Atemajac de Brizuela,14 años,161,81,80
010 Atemajac de Brizuela,15 años,128,64,64
010 Atemajac de Brizuela,16 años,138,64,74
010 Atemajac de Brizuela,17 años,156,84,72
010 Atemajac de Brizuela,18 años,131,69,62
010 Atemajac de Brizuela,19 años,109,54,55
010 Atemajac de Brizuela,20 años,119,70,49
010 Atemajac de Brizuela,21 años,108,48,60
010 Atemajac de Brizuela,22 años,130,64,66
010 Atemajac de Brizuela,23 años,126,70,56
010 Atemajac de Brizuela,24 años,110,59,51
010 Atemajac de Brizuela,25 años,136,69,67
010 Atemajac de Brizuela,26 años,81,42,39
010 Atemajac de Brizuela,27 años,90,48,42
010 Atemajac de Brizuela,28 años,83,39,44
010 Atemajac de Brizuela,29 años,95,40,55
010 Atemajac de Brizuela,30 años,112,38,74
010 Atemajac de Brizuela,31 años,76,34,42
010 Atemajac de Brizuela,32 años,114,70,44
010 Atemajac de Brizuela,33 años,77,40,37
010 Atemajac de Brizuela,34 años,83,39,44
010 Atemajac de Brizuela,35 años,92,45,47
010 Atemajac de Brizuela,36 años,84,43,41
010 Atemajac de Brizuela,37 años,73,34,39
010 Atemajac de Brizuela,38 años,88,42,46
010 Atemajac de Brizuela,39 años,54,25,29
010 Atemajac de Brizuela,40 años,92,40,52
010 Atemajac de Brizuela,41 años,59,32,27
010 Atemajac de Brizuela,42 años,89,49,40
010 Atemajac de Brizuela,43 años,59,27,32
010 Atemajac de Brizuela,44 años,73,25,48
010 Atemajac de Brizuela,45 años,65,37,28
010 Atemajac de Brizuela,46 años,65,31,34
010 Atemajac de Brizuela,47 años,68,30,38
010 Atemajac de Brizuela,48 años,59,29,30
010 Atemajac de Brizuela,49 años,53,27,26
010 Atemajac de Brizuela,50 años,73,33,40
010 Atemajac de Brizuela,51 años,23,12,11
010 Atemajac de Brizuela,52 años,61,32,29
010 Atemajac de Brizuela,53 años,35,15,20
010 Atemajac de Brizuela,54 años,64,26,38
010 Atemajac de Brizuela,55 años,38,18,20
010 Atemajac de Brizuela,56 años,30,9,21
010 Atemajac de Brizuela,57 años,23,15,8
010 Atemajac de Brizuela,58 años,41,18,23
010 Atemajac de Brizuela,59 años,24,9,15
010 Atemajac de Brizuela,60 años,26,14,12
010 Atemajac de Brizuela,61 años,22,12,10
010 Atemajac de Brizuela,62 años,31,20,11
010 Atemajac de Brizuela,63 años,45,19,26
010 Atemajac de Brizuela,64 años,51,17,34
010 Atemajac de Brizuela,65 años,42,21,21
010 Atemajac de Brizuela,66 años,39,23,16
010 Atemajac de Brizuela,67 años,28,12,16
010 Atemajac de Brizuela,68 años,29,18,11
010 Atemajac de Brizuela,69 años,32,9,23
010 Atemajac de Brizuela,70 años,40,22,18
010 Atemajac de Brizuela,71 años,7,2,5
010 Atemajac de Brizuela,72 años,37,21,16
010 Atemajac de Brizuela,73 años,19,10,9
010 Atemajac de Brizuela,74 años,24,14,10
010 Atemajac de Brizuela,75 años,30,16,14
010 Atemajac de Brizuela,76 años,6,2,4
010 Atemajac de Brizuela,77 años,10,2,8
010 Atemajac de Brizuela,78 años,18,8,10
010 Atemajac de Brizuela,79 años,15,9,6
010 Atemajac de Brizuela,80 años,17,9,8
010 Atemajac de Brizuela,81 años,4,3,1
010 Atemajac de Brizuela,82 años,12,7,5
010 Atemajac de Brizuela,83 años,11,9,2
010 Atemajac de Brizuela,84 años,10,5,5
010 Atemajac de Brizuela,85 años,5,2,3
010 Atemajac de Brizuela,86 años,12,6,6
010 Atemajac de Brizuela,87 años,6,1,5
010 Atemajac de Brizuela,88 años,16,5,11
010 Atemajac de Brizuela,89 años,2,1,1
010 Atemajac de Brizuela,90 años,9,3,6
010 Atemajac de Brizuela,91 años,3,2,1
010 Atemajac de Brizuela,92 años,9,2,7
010 Atemajac de Brizuela,93 años,6,2,4
010 Atemajac de Brizuela,94 años,4,2,2
010 Atemajac de Brizuela,95 años,2,1,1
010 Atemajac de Brizuela,96 años,1,1,0
010 Atemajac de Brizuela,97 años,2,0,2
010 Atemajac de Brizuela,99 años,3,2,1
010 Atemajac de Brizuela,No especificado,1,1,0
011 Atengo,Total,5475,2818,2657
011 Atengo,0 años,91,62,29
011 Atengo,1 años,98,48,50
011 Atengo,2 años,115,49,66
011 Atengo,3 años,93,35,58
011 Atengo,4 años,110,42,68
011 Atengo,5 años,110,68,42
011 Atengo,6 años,103,57,46
011 Atengo,7 años,111,73,38
011 Atengo,8 años,100,49,51
011 Atengo,9 años,88,50,38
011 Atengo,10 años,116,62,54
011 Atengo,11 años,94,57,37
011 Atengo,12 años,97,44,53
011 Atengo,13 años,107,61,46
011 Atengo,14 años,90,53,37
011 Atengo,15 años,96,61,35
011 Atengo,16 años,77,41,36
011 Atengo,17 años,102,52,50
011 Atengo,18 años,75,36,39
011 Atengo,19 años,82,34,48
011 Atengo,20 años,87,44,43
011 Atengo,21 años,73,41,32
011 Atengo,22 años,78,45,33
011 Atengo,23 años,96,43,53
011 Atengo,24 años,60,32,28
011 Atengo,25 años,69,22,47
011 Atengo,26 años,73,32,41
011 Atengo,27 años,81,38,43
011 Atengo,28 años,66,29,37
011 Atengo,29 años,80,38,42
011 Atengo,30 años,87,44,43
011 Atengo,31 años,76,39,37
011 Atengo,32 años,85,44,41
011 Atengo,33 años,61,32,29
011 Atengo,34 años,61,39,22
011 Atengo,35 años,78,39,39
011 Atengo,36 años,45,31,14
011 Atengo,37 años,64,28,36
011 Atengo,38 años,86,45,41
011 Atengo,39 años,58,24,34
011 Atengo,40 años,63,32,31
011 Atengo,41 años,55,37,18
011 Atengo,42 años,86,48,38
011 Atengo,43 años,52,28,24
011 Atengo,44 años,72,32,40
011 Atengo,45 años,66,33,33
011 Atengo,46 años,51,29,22
011 Atengo,47 años,57,25,32
011 Atengo,48 años,53,27,26
011 Atengo,49 años,46,24,22
011 Atengo,50 años,59,29,30
011 Atengo,51 años,44,18,26
011 Atengo,52 años,61,27,34
011 Atengo,53 años,43,22,21
011 Atengo,54 años,53,24,29
011 Atengo,55 años,44,17,27
011 Atengo,56 años,43,25,18
011 Atengo,57 años,48,31,17
011 Atengo,58 años,46,21,25
011 Atengo,59 años,35,14,21
011 Atengo,60 años,38,15,23
011 Atengo,61 años,21,10,11
011 Atengo,62 años,38,17,21
011 Atengo,63 años,47,27,20
011 Atengo,64 años,47,23,24
011 Atengo,65 años,58,39,19
011 Atengo,66 años,39,21,18
011 Atengo,67 años,36,20,16
011 Atengo,68 años,44,23,21
011 Atengo,69 años,22,5,17
011 Atengo,70 años,38,22,16
011 Atengo,71 años,25,11,14
011 Atengo,72 años,47,33,14
011 Atengo,73 años,47,29,18
011 Atengo,74 años,48,25,23
011 Atengo,75 años,45,28,17
011 Atengo,76 años,29,17,12
011 Atengo,77 años,38,16,22
011 Atengo,78 años,16,11,5
011 Atengo,79 años,22,13,9
011 Atengo,80 años,38,17,21
011 Atengo,81 años,18,12,6
011 Atengo,82 años,23,12,11
011 Atengo,83 años,24,8,16
011 Atengo,84 años,14,5,9
011 Atengo,85 años,21,7,14
011 Atengo,86 años,15,9,6
011 Atengo,87 años,14,7,7
011 Atengo,88 años,9,4,5
011 Atengo,89 años,9,3,6
011 Atengo,90 años,11,4,7
011 Atengo,91 años,8,5,3
011 Atengo,92 años,6,1,5
011 Atengo,93 años,2,2,0
011 Atengo,94 años,8,3,5
011 Atengo,95 años,1,0,1
011 Atengo,96 años,1,0,1
011 Atengo,98 años,1,1,0
011 Atengo,100 años y más,4,4,0
011 Atengo,No especificado,7,3,4
012 Atenguillo,Total,3899,1910,1989
,0 años,58,28,30
,1 años,60,28,32
,2 años,60,29,31
,3 años,71,36,35
,4 años,56,23,33
,5 años,73,29,44
,6 años,52,30,22
,7 años,56,24,32
,8 años,59,33,26
,9 años,62,36,26
,10 años,66,34,32
,11 años,72,35,37
,12 años,65,35,30
,13 años,70,43,27
,14 años,53,23,30
,15 años,76,35,41
,16 años,69,35,34
,17 años,64,29,35
,18 años,64,33,31
,19 años,56,26,30
,20 años,61,34,27
,21 años,58,30,28
,22 años,63,31,32
,23 años,64,38,26
,24 años,59,39,20
,25 años,59,30,29
,26 años,57,30,27
,27 años,52,27,25
,28 años,59,22,37
,29 años,60,26,34
,30 años,47,21,26
,31 años,48,22,26
,32 años,37,17,20
,33 años,38,23,15
,34 años,54,29,25
,35 años,48,20,28
,36 años,56,25,31
,37 años,44,26,18
,38 años,53,26,27
,39 años,45,17,28
,40 años,52,25,27
,41 años,47,22,25
,42 años,45,26,19
,43 años,37,21,16
,44 años,42,18,24
,45 años,47,18,29
,46 años,39,21,18
,47 años,43,19,24
,48 años,52,22,30
,49 años,37,19,18
,50 años,65,30,35
,51 años,30,13,17
,52 años,41,19,22
,53 años,43,25,18
,54 años,44,18,26
,55 años,39,19,20
,56 años,36,20,16
,57 años,30,16,14
,58 años,44,17,27
,59 años,27,10,17
,60 años,31,15,16
,61 años,26,13,13
,62 años,24,7,17
,63 años,27,13,14
,64 años,29,11,18
,65 años,34,12,22
,66 años,25,13,12
,67 años,32,17,15
,68 años,42,20,22
,69 años,27,15,12
,70 años,32,17,15
,71 años,32,14,18
,72 años,25,10,15
,73 años,30,14,16
,74 años,28,13,15
,75 años,25,15,10
,76 años,26,16,10
,77 años,17,9,8
,78 años,26,11,15
,79 años,22,13,9
,80 años,26,12,14
,81 años,22,14,8
,82 años,22,9,13
,83 años,15,7,8
,84 años,15,8,7
,85 años,12,5,7
,86 años,4,1,3
,87 años,10,7,3
,88 años,11,7,4
,89 años,9,4,5
,90 años,2,1,1
,91 años,3,1,2
,92 años,9,5,4
,93 años,2,1,1
,94 años,3,1,2
,95 años,3,2,1
,96 años,1,1,0
,98 años,1,0,1
,99 años,1,0,1
,100 años y más,3,0,3
,No especificado,1,1,0
013 Atotonilco el Alto,Total,60480,29623,30857
,0 años,1171,673,498
,1 años,1012,564,448
,2 años,1127,579,548
,3 años,1148,628,520
,4 años,1151,543,608
,5 años,1236,618,618
,6 años,1183,585,598
,7 años,1215,667,548
,8 años,1050,576,474
,9 años,1016,524,492
,10 años,1207,555,652
,11 años,1169,574,595
,12 años,1185,655,530
,13 años,1292,632,660
,14 años,1315,616,699
,15 años,1368,689,679
,16 años,1235,648,587
,17 años,1379,722,657
,18 años,1023,498,525
,19 años,913,476,437
,20 años,1126,562,564
,21 años,855,406,449
,22 años,1106,526,580
,23 años,919,411,508
,24 años,1039,517,522
,25 años,1051,547,504
,26 años,849,361,488
,27 años,852,389,463
,28 años,1102,545,557
,29 años,783,331,452
,30 años,1131,543,588
,31 años,687,366,321
,32 años,1089,515,574
,33 años,833,332,501
,34 años,770,390,380
,35 años,987,403,584
,36 años,770,333,437
,37 años,720,320,400
,38 años,863,409,454
,39 años,722,329,393
,40 años,999,543,456
,41 años,661,325,336
,42 años,1008,522,486
,43 años,728,292,436
,44 años,664,317,347
,45 años,971,536,435
,46 años,556,270,286
,47 años,639,335,304
,48 años,718,335,383
,49 años,555,243,312
,50 años,847,404,443
,51 años,429,212,217
,52 años,576,287,289
,53 años,463,219,244
,54 años,573,277,296
,55 años,597,259,338
,56 años,425,212,213
,57 años,452,215,237
,58 años,436,230,206
,59 años,321,118,203
,60 años,580,286,294
,61 años,258,108,150
,62 años,364,198,166
,63 años,232,111,121
,64 años,297,132,165
,65 años,514,221,293
,66 años,209,97,112
,67 años,231,112,119
,68 años,309,154,155
,69 años,156,77,79
,70 años,393,188,205
,71 años,103,41,62
,72 años,249,124,125
,73 años,222,100,122
,74 años,195,111,84
,75 años,274,124,150
,76 años,149,47,102
,77 años,124,53,71
,78 años,208,111,97
,79 años,77,42,35
,80 años,164,82,82
,81 años,85,42,43
,82 años,107,57,50
,83 años,67,24,43
,84 años,95,43,52
,85 años,78,17,61
,86 años,63,27,36
,87 años,45,15,30
,88 años,40,15,25
,89 años,47,27,20
,90 años,22,4,18
,91 años,32,13,19
,92 años,52,35,17
,93 años,37,16,21
,94 años,21,15,6
,95 años,24,14,10
,96 años,5,5,0
,97 años,10,10,0
,98 años,9,0,9
,99 años,14,0,14
,100 años y más,11,6,5
,No especificado,41,11,30
014 Atoyac,Total,8264,3973,4291
,0 años,152,91,61
,1 años,156,68,88
,2 años,147,68,79
,3 años,145,70,75
,4 años,139,71,68
,5 años,144,68,76
,6 años,149,76,73
,7 años,158,84,74
,8 años,143,60,83
,9 años,123,49,74
,10 años,122,54,68
,11 años,146,73,73
,12 años,150,76,74
,13 años,113,55,58
,14 años,153,72,81
,15 años,130,72,58
,16 años,127,71,56
,17 años,156,73,83
,18 años,127,67,60
,19 años,148,64,84
,20 años,144,68,76
,21 años,171,82,89
,22 años,121,66,55
,23 años,147,66,81
,24 años,125,53,72
,25 años,103,59,44
,26 años,124,64,60
,27 años,125,58,67
,28 años,112,54,58
,29 años,98,52,46
,30 años,119,54,65
,31 años,105,57,48
,32 años,89,39,50
,33 años,77,38,39
,34 años,88,38,50
,35 años,87,29,58
,36 años,110,52,58
,37 años,115,56,59
,38 años,94,40,54
,39 años,84,37,47
,40 años,107,39,68
,41 años,89,43,46
,42 años,108,59,49
,43 años,121,63,58
,44 años,106,50,56
,45 años,118,59,59
,46 años,89,36,53
,47 años,103,45,58
,48 años,84,41,43
,49 años,104,51,53
,50 años,95,43,52
,51 años,55,28,27
,52 años,102,52,50
,53 años,91,55,36
,54 años,85,41,44
,55 años,83,39,44
,56 años,86,34,52
,57 años,80,52,28
,58 años,66,29,37
,59 años,60,28,32
,60 años,80,36,44
,61 años,49,26,23
,62 años,86,46,40
,63 años,58,26,32
,64 años,61,23,38
,65 años,84,44,40
,66 años,37,18,19
,67 años,68,41,27
,68 años,63,30,33
,69 años,38,16,22
,70 años,46,26,20
,71 años,44,21,23
,72 años,50,17,33
,73 años,48,16,32
,74 años,50,21,29
,75 años,46,24,22
,76 años,50,23,27
,77 años,38,13,25
,78 años,39,20,19
,79 años,34,19,15
,80 años,51,21,30
,81 años,15,9,6
,82 años,26,13,13
,83 años,32,16,16
,84 años,32,19,13
,85 años,24,8,16
,86 años,20,10,10
,87 años,17,8,9
,88 años,18,10,8
,89 años,7,3,4
,90 años,10,4,6
,91 años,5,1,4
,92 años,10,2,8
,93 años,6,2,4
,94 años,5,3,2
,95 años,6,2,4
,96 años,3,0,3
,97 años,1,1,0
,98 años,7,4,3
,99 años,2,0,2
015 Autlán de Navarro,Total,60572,29573,30999
,0 años,1051,482,569
,1 años,1160,581,579
,2 años,1167,600,567
,3 años,1179,606,573
,4 años,1172,633,539
,5 años,1213,641,572
,6 años,1227,603,624
,7 años,1246,554,692
,8 años,1115,596,519
,9 años,1191,582,609
,10 años,1062,526,536
,11 años,997,464,533
,12 años,1136,551,585
,13 años,1084,573,511
,14 años,1076,616,460
,15 años,1062,511,551
,16 años,1132,558,574
,17 años,1013,516,497
,18 años,1164,590,574
,19 años,941,516,425
,20 años,1157,608,549
,21 años,1070,569,501
,22 años,1100,486,614
,23 años,971,464,507
,24 años,1020,529,491
,25 años,998,497,501
,26 años,994,435,559
,27 años,1057,532,525
,28 años,1073,447,626
,29 años,916,390,526
,30 años,1082,562,520
,31 años,750,385,365
,32 años,976,413,563
,33 años,741,316,425
,34 años,835,361,474
,35 años,882,478,404
,36 años,937,451,486
,37 años,871,477,394
,38 años,893,414,479
,39 años,731,316,415
,40 años,859,457,402
,41 años,595,289,306
,42 años,871,439,432
,43 años,672,345,327
,44 años,661,340,321
,45 años,776,379,397
,46 años,612,295,317
,47 años,558,263,295
,48 años,663,299,364
,49 años,547,239,308
,50 años,726,354,372
,51 años,519,238,281
,52 años,609,263,346
,53 años,639,254,385
,54 años,747,391,356
,55 años,551,292,259
,56 años,477,236,241
,57 años,519,250,269
,58 años,505,237,268
,59 años,401,159,242
,60 años,445,211,234
,61 años,375,209,166
,62 años,363,164,199
,63 años,353,169,184
,64 años,292,165,127
,65 años,410,202,208
,66 años,312,127,185
,67 años,274,124,150
,68 años,297,176,121
,69 años,237,84,153
,70 años,307,146,161
,71 años,179,78,101
,72 años,249,120,129
,73 años,253,148,105
,74 años,259,104,155
,75 años,198,96,102
,76 años,194,78,116
,77 años,126,59,67
,78 años,188,90,98
,79 años,127,57,70
,80 años,196,106,90
,81 años,81,45,36
,82 años,127,61,66
,83 años,77,28,49
,84 años,123,49,74
,85 años,84,37,47
,86 años,55,25,30
,87 años,75,34,41
,88 años,20,11,9
,89 años,77,28,49
,90 años,59,19,40
,91 años,36,22,14
,92 años,42,18,24
,93 años,31,11,20
,94 años,18,4,14
,95 años,20,5,15
,96 años,26,10,16
,97 años,14,5,9
,98 años,5,0,5
,99 años,10,0,10
,100 años y más,5,0,5
,No especificado,4,0,4
016 Ayotlán,Total,37963,18526,19437
,0 años,715,350,365
,1 años,819,432,387
,2 años,748,386,362
,3 años,816,419,397
,4 años,822,429,393
,5 años,842,443,399
,6 años,853,418,435
,7 años,889,449,440
,8 años,853,407,446
,9 años,720,399,321
,10 años,798,410,388
,11 años,738,349,389
,12 años,766,402,364
,13 años,655,324,331
,14 años,847,435,412
,15 años,787,409,378
,16 años,656,347,309
,17 años,771,393,378
,18 años,628,300,328
,19 años,584,289,295
,20 años,630,302,328
,21 años,533,258,275
,22 años,696,288,408
,23 años,563,272,291
,24 años,524,257,267
,25 años,654,309,345
,26 años,514,261,253
,27 años,531,218,313
,28 años,653,280,373
,29 años,544,259,285
,30 años,586,293,293
,31 años,426,213,213
,32 años,599,287,312
,33 años,515,258,257
,34 años,521,211,310
,35 años,593,286,307
,36 años,498,224,274
,37 años,523,266,257
,38 años,555,278,277
,39 años,469,243,226
,40 años,541,226,315
,41 años,407,217,190
,42 años,569,280,289
,43 años,434,240,194
,44 años,405,198,207
,45 años,434,204,230
,46 años,305,132,173
,47 años,312,153,159
,48 años,405,191,214
,49 años,336,138,198
,50 años,420,221,199
,51 años,265,117,148
,52 años,352,137,215
,53 años,352,147,205
,54 años,331,169,162
,55 años,289,127,162
,56 años,309,184,125
,57 años,265,137,128
,58 años,305,131,174
,59 años,226,127,99
,60 años,266,130,136
,61 años,190,92,98
,62 años,287,138,149
,63 años,213,94,119
,64 años,226,81,145
,65 años,319,150,169
,66 años,221,113,108
,67 años,223,122,101
,68 años,202,111,91
,69 años,102,34,68
,70 años,216,90,126
,71 años,114,46,68
,72 años,177,98,79
,73 años,185,59,126
,74 años,155,96,59
,75 años,143,71,72
,76 años,112,54,58
,77 años,107,61,46
,78 años,84,46,38
,79 años,65,33,32
,80 años,91,48,43
,81 años,65,23,42
,82 años,55,32,23
,83 años,51,14,37
,84 años,71,34,37
,85 años,52,16,36
,86 años,33,12,21
,87 años,19,10,9
,88 años,26,9,17
,89 años,13,3,10
,90 años,45,20,25
,91 años,13,6,7
,92 años,22,3,19
,93 años,23,10,13
,94 años,30,13,17
,95 años,9,3,6
,96 años,3,3,0
,97 años,3,0,3
,98 años,11,4,7
,99 años,4,0,4
,No especificado,21,15,6
017 Ayutla,Total,12453,6206,6247
,0 años,194,105,89
,1 años,285,139,146
,2 años,254,141,113
,3 años,292,144,148
,4 años,297,147,150
,5 años,228,123,105
,6 años,210,94,116
,7 años,237,121,116
,8 años,224,107,117
,9 años,212,128,84
,10 años,222,106,116
,11 años,233,118,115
,12 años,198,86,112
,13 años,246,135,111
,14 años,235,112,123
,15 años,245,120,125
,16 años,195,92,103
,17 años,226,111,115
,18 años,218,89,129
,19 años,182,89,93
,20 años,170,93,77
,21 años,154,65,89
,22 años,215,102,113
,23 años,198,110,88
,24 años,203,103,100
,25 años,182,80,102
,26 años,175,95,80
,27 años,204,98,106
,28 años,174,82,92
,29 años,173,78,95
,30 años,193,111,82
,31 años,165,76,89
,32 años,159,80,79
,33 años,143,61,82
,34 años,142,80,62
,35 años,136,65,71
,36 años,134,66,68
,37 años,147,70,77
,38 años,183,87,96
,39 años,124,69,55
,40 años,163,82,81
,41 años,120,63,57
,42 años,146,67,79
,43 años,139,67,72
,44 años,141,88,53
,45 años,141,69,72
,46 años,129,75,54
,47 años,148,66,82
,48 años,123,60,63
,49 años,112,62,50
,50 años,132,59,73
,51 años,88,47,41
,52 años,134,60,74
,53 años,110,67,43
,54 años,113,56,57
,55 años,128,55,73
,56 años,105,58,47
,57 años,107,60,47
,58 años,98,37,61
,59 años,86,46,40
,60 años,91,42,49
,61 años,75,31,44
,62 años,80,33,47
,63 años,117,46,71
,64 años,97,47,50
,65 años,132,67,65
,66 años,89,46,43
,67 años,85,46,39
,68 años,94,49,45
,69 años,63,26,37
,70 años,84,43,41
,71 años,50,21,29
,72 años,88,42,46
,73 años,77,32,45
,74 años,65,26,39
,75 años,62,32,30
,76 años,61,34,27
,77 años,44,30,14
,78 años,42,29,13
,79 años,36,23,13
,80 años,61,36,25
,81 años,19,13,6
,82 años,26,14,12
,83 años,29,16,13
,84 años,64,29,35
,85 años,35,20,15
,86 años,22,11,11
,87 años,21,16,5
,88 años,24,4,20
,89 años,18,14,4
,90 años,19,11,8
,91 años,20,13,7
,92 años,18,8,10
,93 años,14,6,8
,94 años,12,2,10
,95 años,17,10,7
,96 años,4,2,2
,97 años,7,4,3
,98 años,5,3,2
,99 años,3,0,3
,100 años y más,3,1,2
,No especificado,10,6,4
018 La Barca,Total,65055,31487,33568
,0 años,1222,673,549
,1 años,1181,579,602
,2 años,1398,751,647
,3 años,1155,575,580
,4 años,1344,654,690
,5 años,1190,608,582
,6 años,1300,728,572
,7 años,1290,669,621
,8 años,1322,632,690
,9 años,1335,679,656
,10 años,1258,567,691
,11 años,1264,648,616
,12 años,1472,703,769
,13 años,1311,577,734
,14 años,1429,698,731
,15 años,1126,598,528
,16 años,1041,534,507
,17 años,1141,554,587
,18 años,1241,685,556
,19 años,945,463,482
,20 años,1078,526,552
,21 años,931,494,437
,22 años,1108,517,591
,23 años,1084,516,568
,24 años,1012,454,558
,25 años,1047,448,599
,26 años,979,472,507
,27 años,958,471,487
,28 años,989,446,543
,29 años,896,430,466
,30 años,1281,603,678
,31 años,760,373,387
,32 años,972,424,548
,33 años,765,413,352
,34 años,855,382,473
,35 años,913,457,456
,36 años,821,376,445
,37 años,996,497,499
,38 años,1071,476,595
,39 años,882,401,481
,40 años,1079,493,586
,41 años,743,339,404
,42 años,913,439,474
,43 años,819,377,442
,44 años,681,327,354
,45 años,783,398,385
,46 años,621,268,353
,47 años,667,329,338
,48 años,686,312,374
,49 años,605,256,349
,50 años,971,429,542
,51 años,456,207,249
,52 años,594,294,300
,53 años,529,248,281
,54 años,546,278,268
,55 años,454,250,204
,56 años,520,224,296
,57 años,533,245,288
,58 años,502,248,254
,59 años,496,243,253
,60 años,644,313,331
,61 años,308,162,146
,62 años,468,235,233
,63 años,446,225,221
,64 años,365,159,206
,65 años,491,191,300
,66 años,347,160,187
,67 años,392,195,197
,68 años,360,180,180
,69 años,300,152,148
,70 años,346,153,193
,71 años,198,96,102
,72 años,270,114,156
,73 años,243,125,118
,74 años,283,125,158
,75 años,281,127,154
,76 años,134,58,76
,77 años,149,81,68
,78 años,174,99,75
,79 años,130,62,68
,80 años,206,104,102
,81 años,96,37,59
,82 años,109,56,53
,83 años,96,45,51
,84 años,89,54,35
,85 años,88,37,51
,86 años,76,46,30
,87 años,48,13,35
,88 años,27,13,14
,89 años,47,11,36
,90 años,70,8,62
,91 años,25,20,5
,92 años,18,5,13
,93 años,27,3,24
,94 años,29,14,15
,95 años,19,10,9
,96 años,20,0,20
,97 años,5,5,0
,99 años,18,13,5
,100 años y más,24,11,13
,No especificado,28,15,13
019 Bolaños,Total,7341,3648,3693
,0 años,176,79,97
,1 años,188,95,93
,2 años,202,109,93
,3 años,226,112,114
,4 años,238,117,121
,5 años,174,85,89
,6 años,206,93,113
,7 años,182,99,83
,8 años,195,83,112
,9 años,184,82,102
,10 años,208,106,102
,11 años,198,95,103
,12 años,193,103,90
,13 años,153,64,89
,14 años,208,110,98
,15 años,160,75,85
,16 años,175,100,75
,17 años,167,95,72
,18 años,136,74,62
,19 años,118,53,65
,20 años,111,51,60
,21 años,95,51,44
,22 años,140,69,71
,23 años,135,73,62
,24 años,140,69,71
,25 años,121,51,70
,26 años,95,47,48
,27 años,103,59,44
,28 años,135,67,68
,29 años,91,44,47
,30 años,94,49,45
,31 años,85,45,40
,32 años,94,37,57
,33 años,80,47,33
,34 años,113,48,65
,35 años,113,64,49
,36 años,100,43,57
,37 años,96,46,50
,38 años,91,41,50
,39 años,79,39,40
,40 años,81,41,40
,41 años,45,24,21
,42 años,70,39,31
,43 años,64,31,33
,44 años,71,32,39
,45 años,69,39,30
,46 años,47,29,18
,47 años,57,32,25
,48 años,76,30,46
,49 años,37,16,21
,50 años,46,20,26
,51 años,40,27,13
,52 años,59,26,33
,53 años,66,33,33
,54 años,37,19,18
,55 años,43,24,19
,56 años,30,16,14
,57 años,45,27,18
,58 años,51,29,22
,59 años,34,23,11
,60 años,39,22,17
,61 años,14,8,6
,62 años,23,4,19
,63 años,27,9,18
,64 años,26,9,17
,65 años,26,14,12
,66 años,10,6,4
,67 años,27,14,13
,68 años,17,11,6
,69 años,9,2,7
,70 años,26,13,13
,71 años,12,7,5
,72 años,36,20,16
,73 años,12,6,6
,74 años,20,12,8
,75 años,18,6,12
,76 años,3,3,0
,77 años,14,10,4
,78 años,13,3,10
,79 años,8,4,4
,80 años,14,4,10
,81 años,12,5,7
,82 años,9,3,6
,83 años,7,3,4
,84 años,9,4,5
,85 años,4,1,3
,86 años,4,2,2
,87 años,9,6,3
,88 años,2,0,2
,89 años,4,0,4
,90 años,5,3,2
,92 años,2,0,2
,93 años,3,0,3
,95 años,3,2,1
,97 años,4,4,0
,100 años y más,1,1,0
,No especificado,3,1,2
020 Cabo Corrientes,Total,10303,5302,5001
,0 años,151,81,70
,1 años,174,88,86
,2 años,195,94,101
,3 años,221,114,107
,4 años,224,111,113
,5 años,222,114,108
,6 años,237,110,127
,7 años,242,116,126
,8 años,217,108,109
,9 años,218,119,99
,10 años,219,109,110
,11 años,241,137,104
,12 años,210,103,107
,13 años,202,85,117
,14 años,204,109,95
,15 años,207,110,97
,16 años,185,97,88
,17 años,181,101,80
,18 años,160,90,70
,19 años,157,75,82
,20 años,142,83,59
,21 años,139,78,61
,22 años,130,68,62
,23 años,146,80,66
,24 años,143,64,79
,25 años,136,67,69
,26 años,134,54,80
,27 años,155,68,87
,28 años,174,80,94
,29 años,145,70,75
,30 años,161,71,90
,31 años,121,51,70
,32 años,109,54,55
,33 años,114,57,57
,34 años,161,92,69
,35 años,126,57,69
,36 años,116,58,58
,37 años,114,59,55
,38 años,170,79,91
,39 años,97,52,45
,40 años,138,75,63
,41 años,88,48,40
,42 años,117,70,47
,43 años,116,52,64
,44 años,106,52,54
,45 años,116,68,48
,46 años,110,58,52
,47 años,80,43,37
,48 años,98,46,52
,49 años,90,51,39
,50 años,144,71,73
,51 años,79,45,34
,52 años,97,55,42
,53 años,110,52,58
,54 años,105,45,60
,55 años,87,37,50
,56 años,74,43,31
,57 años,87,52,35
,58 años,101,46,55
,59 años,93,59,34
,60 años,89,56,33
,61 años,48,30,18
,62 años,85,51,34
,63 años,65,35,30
,64 años,71,44,27
,65 años,108,52,56
,66 años,73,37,36
,67 años,73,39,34
,68 años,57,27,30
,69 años,42,25,17
,70 años,57,32,25
,71 años,50,21,29
,72 años,64,37,27
,73 años,51,28,23
,74 años,50,28,22
,75 años,61,38,23
,76 años,49,27,22
,77 años,54,27,27
,78 años,59,43,16
,79 años,24,14,10
,80 años,32,22,10
,81 años,8,5,3
,82 años,44,29,15
,83 años,35,18,17
,84 años,11,4,7
,85 años,19,11,8
,86 años,7,1,6
,87 años,11,7,4
,88 años,7,2,5
,89 años,11,2,9
,90 años,12,5,7
,91 años,4,2,2
,92 años,3,3,0
,93 años,13,8,5
,94 años,3,0,3
,95 años,7,5,2
,97 años,2,2,0
,98 años,3,0,3
,100 años y más,4,4,0
,No especificado,1,0,1
021 Casimiro Castillo,Total,21584,10751,10833
,0 años,377,182,195
,1 años,411,186,225
,2 años,380,184,196
,3 años,388,195,193
,4 años,436,229,207
,5 años,413,175,238
,6 años,417,258,159
,7 años,451,233,218
,8 años,359,197,162
,9 años,397,186,211
,10 años,397,217,180
,11 años,393,204,189
,12 años,433,224,209
,13 años,371,179,192
,14 años,440,239,201
,15 años,419,191,228
,16 años,437,241,196
,17 años,423,188,235
,18 años,376,175,201
,19 años,312,176,136
,20 años,280,143,137
,21 años,309,154,155
,22 años,346,180,166
,23 años,344,191,153
,24 años,286,147,139
,25 años,339,147,192
,26 años,323,162,161
,27 años,315,164,151
,28 años,324,151,173
,29 años,312,155,157
,30 años,333,151,182
,31 años,244,118,126
,32 años,283,141,142
,33 años,256,137,119
,34 años,280,112,168
,35 años,273,127,146
,36 años,248,94,154
,37 años,251,136,115
,38 años,340,174,166
,39 años,287,143,144
,40 años,309,137,172
,41 años,212,121,91
,42 años,351,167,184
,43 años,215,110,105
,44 años,249,133,116
,45 años,286,166,120
,46 años,250,126,124
,47 años,238,108,130
,48 años,227,97,130
,49 años,231,114,117
,50 años,262,131,131
,51 años,204,95,109
,52 años,208,90,118
,53 años,213,91,122
,54 años,221,112,109
,55 años,233,105,128
,56 años,158,88,70
,57 años,200,103,97
,58 años,185,102,83
,59 años,165,69,96
,60 años,187,94,93
,61 años,118,61,57
,62 años,189,78,111
,63 años,185,104,81
,64 años,166,90,76
,65 años,157,74,83
,66 años,141,67,74
,67 años,133,74,59
,68 años,147,84,63
,69 años,106,64,42
,70 años,128,67,61
,71 años,98,65,33
,72 años,91,47,44
,73 años,102,45,57
,74 años,91,44,47
,75 años,86,34,52
,76 años,94,39,55
,77 años,79,32,47
,78 años,100,60,40
,79 años,52,24,28
,80 años,49,33,16
,81 años,31,16,15
,82 años,40,14,26
,83 años,41,25,16
,84 años,85,40,45
,85 años,44,14,30
,86 años,40,18,22
,87 años,29,13,16
,88 años,26,12,14
,89 años,29,10,19
,90 años,18,5,13
,91 años,17,11,6
,92 años,20,9,11
,93 años,7,4,3
,94 años,5,5,0
,95 años,6,3,3
,96 años,2,2,0
,98 años,3,0,3
,100 años y más,14,14,0
,No especificado,8,5,3
022 Cihuatlán,Total,41300,20698,20602
,0 años,789,444,345
,1 años,753,425,328
,2 años,763,388,375
,3 años,860,442,418
,4 años,897,495,402
,5 años,814,432,382
,6 años,908,460,448
,7 años,959,514,445
,8 años,939,489,450
,9 años,786,353,433
,10 años,795,409,386
,11 años,757,356,401
,12 años,827,447,380
,13 años,730,368,362
,14 años,817,420,397
,15 años,770,440,330
,16 años,814,454,360
,17 años,783,403,380
,18 años,710,355,355
,19 años,689,411,278
,20 años,625,316,309
,21 años,656,298,358
,22 años,734,320,414
,23 años,581,268,313
,24 años,683,319,364
,25 años,764,360,404
,26 años,592,253,339
,27 años,718,353,365
,28 años,643,316,327
,29 años,522,269,253
,30 años,705,342,363
,31 años,523,234,289
,32 años,549,266,283
,33 años,512,229,283
,34 años,618,302,316
,35 años,521,238,283
,36 años,519,217,302
,37 años,547,315,232
,38 años,608,260,348
,39 años,474,242,232
,40 años,683,348,335
,41 años,431,225,206
,42 años,592,344,248
,43 años,433,203,230
,44 años,493,222,271
,45 años,491,255,236
,46 años,405,214,191
,47 años,399,181,218
,48 años,475,219,256
,49 años,363,142,221
,50 años,478,269,209
,51 años,361,178,183
,52 años,431,232,199
,53 años,420,224,196
,54 años,432,209,223
,55 años,367,194,173
,56 años,349,138,211
,57 años,324,158,166
,58 años,374,177,197
,59 años,230,100,130
,60 años,315,176,139
,61 años,222,104,118
,62 años,270,116,154
,63 años,230,124,106
,64 años,254,121,133
,65 años,358,180,178
,66 años,203,116,87
,67 años,257,114,143
,68 años,199,91,108
,69 años,115,36,79
,70 años,223,99,124
,71 años,135,71,64
,72 años,182,83,99
,73 años,172,99,73
,74 años,151,104,47
,75 años,125,65,60
,76 años,121,60,61
,77 años,80,40,40
,78 años,103,35,68
,79 años,70,26,44
,80 años,126,69,57
,81 años,38,19,19
,82 años,79,59,20
,83 años,89,44,45
,84 años,50,27,23
,85 años,55,14,41
,86 años,49,14,35
,87 años,41,12,29
,88 años,30,16,14
,89 años,23,9,14
,90 años,29,21,8
,91 años,31,23,8
,92 años,23,12,11
,93 años,3,3,0
,94 años,18,12,6
,95 años,4,4,0
,98 años,4,4,0
,99 años,2,2,0
,100 años y más,12,12,0
,No especificado,24,8,16
023 Zapotlán el Grande,Total,105423,51215,54208
,0 años,1775,903,872
,1 años,1737,805,932
,2 años,1842,934,908
,3 años,1925,986,939
,4 años,1907,992,915
,5 años,1877,970,907
,6 años,1827,1083,744
,7 años,1594,808,786
,8 años,2027,1050,977
,9 años,1786,905,881
,10 años,1817,935,882
,11 años,1993,981,1012
,12 años,2072,1115,957
,13 años,1670,892,778
,14 años,1907,984,923
,15 años,1751,779,972
,16 años,1580,794,786
,17 años,1728,930,798
,18 años,1956,1012,944
,19 años,2164,1094,1070
,20 años,1992,1047,945
,21 años,2145,1066,1079
,22 años,2437,1268,1169
,23 años,1981,1030,951
,24 años,1994,917,1077
,25 años,1951,884,1067
,26 años,1958,1041,917
,27 años,1824,909,915
,28 años,1918,896,1022
,29 años,1479,715,764
,30 años,1956,901,1055
,31 años,1385,672,713
,32 años,1602,779,823
,33 años,1526,749,777
,34 años,1366,681,685
,35 años,1498,573,925
,36 años,1541,687,854
,37 años,1304,603,701
,38 años,1441,674,767
,39 años,1357,652,705
,40 años,1623,772,851
,41 años,984,405,579
,42 años,1424,627,797
,43 años,1313,638,675
,44 años,1086,548,538
,45 años,1380,634,746
,46 años,1153,538,615
,47 años,1052,583,469
,48 años,1109,458,651
,49 años,1071,497,574
,50 años,1460,582,878
,51 años,761,388,373
,52 años,1114,482,632
,53 años,1133,553,580
,54 años,1163,615,548
,55 años,1087,444,643
,56 años,952,444,508
,57 años,845,354,491
,58 años,927,467,460
,59 años,815,347,468
,60 años,891,371,520
,61 años,657,335,322
,62 años,830,328,502
,63 años,669,294,375
,64 años,500,262,238
,65 años,811,380,431
,66 años,752,305,447
,67 años,499,269,230
,68 años,504,254,250
,69 años,409,209,200
,70 años,462,197,265
,71 años,359,166,193
,72 años,352,165,187
,73 años,320,144,176
,74 años,378,157,221
,75 años,302,141,161
,76 años,327,174,153
,77 años,149,71,78
,78 años,251,123,128
,79 años,186,88,98
,80 años,229,68,161
,81 años,168,69,99
,82 años,178,89,89
,83 años,127,43,84
,84 años,152,52,100
,85 años,121,49,72
,86 años,145,51,94
,87 años,57,15,42
,88 años,90,46,44
,89 años,70,26,44
,90 años,72,38,34
,91 años,53,29,24
,92 años,65,30,35
,93 años,72,29,43
,94 años,46,16,30
,95 años,18,9,9
,96 años,32,22,10
,97 años,10,10,0
,98 años,15,9,6
,99 años,28,0,28
,100 años y más,8,0,8
,No especificado,17,10,7
024 Cocula,Total,26687,12997,13690
,0 años,384,193,191
,1 años,481,263,218
,2 años,444,212,232
,3 años,508,243,265
,4 años,560,264,296
,5 años,466,251,215
,6 años,499,223,276
,7 años,512,265,247
,8 años,492,257,235
,9 años,479,227,252
,10 años,550,279,271
,11 años,470,219,251
,12 años,477,242,235
,13 años,507,247,260
,14 años,442,237,205
,15 años,500,257,243
,16 años,424,211,213
,17 años,404,239,165
,18 años,394,217,177
,19 años,412,218,194
,20 años,481,223,258
,21 años,390,208,182
,22 años,513,236,277
,23 años,475,207,268
,24 años,388,181,207
,25 años,387,228,159
,26 años,361,182,179
,27 años,345,152,193
,28 años,395,168,227
,29 años,344,186,158
,30 años,373,191,182
,31 años,366,163,203
,32 años,402,199,203
,33 años,341,164,177
,34 años,376,189,187
,35 años,364,175,189
,36 años,326,148,178
,37 años,333,149,184
,38 años,360,190,170
,39 años,344,171,173
,40 años,387,186,201
,41 años,300,133,167
,42 años,422,216,206
,43 años,348,158,190
,44 años,335,181,154
,45 años,291,137,154
,46 años,283,129,154
,47 años,302,146,156
,48 años,259,105,154
,49 años,248,99,149
,50 años,302,156,146
,51 años,216,94,122
,52 años,263,112,151
,53 años,219,108,111
,54 años,246,96,150
,55 años,244,107,137
,56 años,254,105,149
,57 años,218,104,114
,58 años,220,112,108
,59 años,267,147,120
,60 años,243,112,131
,61 años,177,77,100
,62 años,224,112,112
,63 años,207,107,100
,64 años,208,96,112
,65 años,252,136,116
,66 años,215,93,122
,67 años,208,90,118
,68 años,151,86,65
,69 años,140,77,63
,70 años,173,76,97
,71 años,99,51,48
,72 años,196,104,92
,73 años,111,67,44
,74 años,153,73,80
,75 años,126,56,70
,76 años,98,39,59
,77 años,81,37,44
,78 años,100,51,49
,79 años,40,24,16
,80 años,87,45,42
,81 años,55,15,40
,82 años,66,36,30
,83 años,76,19,57
,84 años,80,39,41
,85 años,71,40,31
,86 años,57,18,39
,87 años,34,17,17
,88 años,24,8,16
,89 años,32,2,30
,90 años,64,28,36
,91 años,26,13,13
,92 años,19,13,6
,93 años,32,15,17
,94 años,3,0,3
,95 años,11,2,9
,96 años,14,4,10
,97 años,5,3,2
,98 años,8,2,6
,99 años,3,0,3
,100 años y más,13,6,7
,No especificado,12,3,9
025 Colotlán,Total,17865,8618,9247
,0 años,263,137,126
,1 años,320,131,189
,2 años,279,153,126
,3 años,357,170,187
,4 años,347,168,179
,5 años,358,190,168
,6 años,315,157,158
,7 años,357,166,191
,8 años,282,133,149
,9 años,282,141,141
,10 años,352,187,165
,11 años,298,168,130
,12 años,309,173,136
,13 años,395,195,200
,14 años,289,153,136
,15 años,369,177,192
,16 años,342,176,166
,17 años,356,172,184
,18 años,397,205,192
,19 años,334,183,151
,20 años,354,170,184
,21 años,313,164,149
,22 años,321,135,186
,23 años,316,168,148
,24 años,268,139,129
,25 años,293,149,144
,26 años,265,123,142
,27 años,247,103,144
,28 años,253,112,141
,29 años,250,112,138
,30 años,281,150,131
,31 años,189,60,129
,32 años,217,103,114
,33 años,258,125,133
,34 años,226,92,134
,35 años,206,93,113
,36 años,215,101,114
,37 años,244,99,145
,38 años,275,133,142
,39 años,189,112,77
,40 años,292,140,152
,41 años,178,100,78
,42 años,294,115,179
,43 años,226,106,120
,44 años,240,128,112
,45 años,215,107,108
,46 años,209,91,118
,47 años,176,85,91
,48 años,209,100,109
,49 años,190,104,86
,50 años,246,97,149
,51 años,156,70,86
,52 años,196,81,115
,53 años,157,67,90
,54 años,177,93,84
,55 años,172,79,93
,56 años,132,61,71
,57 años,145,63,82
,58 años,131,50,81
,59 años,108,56,52
,60 años,149,68,81
,61 años,91,39,52
,62 años,115,63,52
,63 años,85,49,36
,64 años,128,59,69
,65 años,178,84,94
,66 años,89,32,57
,67 años,101,58,43
,68 años,113,55,58
,69 años,45,23,22
,70 años,92,41,51
,71 años,69,25,44
,72 años,82,41,41
,73 años,80,54,26
,74 años,73,38,35
,75 años,85,38,47
,76 años,55,33,22
,77 años,46,24,22
,78 años,75,28,47
,79 años,44,16,28
,80 años,68,25,43
,81 años,38,19,19
,82 años,36,16,20
,83 años,39,6,33
,84 años,31,13,18
,85 años,52,38,14
,86 años,30,13,17
,87 años,25,4,21
,88 años,22,11,11
,89 años,14,10,4
,90 años,21,14,7
,91 años,5,0,5
,92 años,3,0,3
,93 años,19,2,17
,94 años,16,2,14
,95 años,4,2,2
,96 años,2,2,0
,97 años,4,2,2
,98 años,2,0,2
,100 años y más,5,0,5
,No especificado,4,0,4
026 Concepción de Buenos Aires,Total,6088,3103,2985
,0 años,120,58,62
,1 años,107,50,57
,2 años,106,51,55
,3 años,113,55,58
,4 años,100,49,51
,5 años,125,60,65
,6 años,122,63,59
,7 años,123,69,54
,8 años,99,57,42
,9 años,110,67,43
,10 años,86,47,39
,11 años,124,58,66
,12 años,94,56,38
,13 años,120,65,55
,14 años,113,67,46
,15 años,101,51,50
,16 años,115,69,46
,17 años,102,51,51
,18 años,119,54,65
,19 años,123,67,56
,20 años,91,47,44
,21 años,101,65,36
,22 años,93,50,43
,23 años,83,42,41
,24 años,87,46,41
,25 años,107,53,54
,26 años,82,43,39
,27 años,66,42,24
,28 años,64,37,27
,29 años,71,35,36
,30 años,100,52,48
,31 años,68,28,40
,32 años,90,46,44
,33 años,87,39,48
,34 años,75,37,38
,35 años,89,52,37
,36 años,81,42,39
,37 años,88,38,50
,38 años,62,34,28
,39 años,94,53,41
,40 años,83,31,52
,41 años,69,36,33
,42 años,67,36,31
,43 años,91,47,44
,44 años,71,33,38
,45 años,73,34,39
,46 años,65,35,30
,47 años,60,29,31
,48 años,61,31,30
,49 años,63,26,37
,50 años,80,51,29
,51 años,67,28,39
,52 años,88,46,42
,53 años,41,22,19
,54 años,49,19,30
,55 años,60,21,39
,56 años,48,22,26
,57 años,48,24,24
,58 años,76,35,41
,59 años,55,29,26
,60 años,60,28,32
,61 años,51,27,24
,62 años,44,21,23
,63 años,38,16,22
,64 años,43,25,18
,65 años,58,31,27
,66 años,32,11,21
,67 años,37,20,17
,68 años,48,25,23
,69 años,29,18,11
,70 años,45,23,22
,71 años,22,10,12
,72 años,25,19,6
,73 años,36,16,20
,74 años,26,11,15
,75 años,15,7,8
,76 años,24,10,14
,77 años,28,16,12
,78 años,27,11,16
,79 años,22,9,13
,80 años,17,6,11
,81 años,21,14,7
,82 años,16,9,7
,83 años,18,7,11
,84 años,7,2,5
,85 años,15,7,8
,86 años,12,6,6
,87 años,9,4,5
,88 años,6,3,3
,89 años,8,2,6
,90 años,10,2,8
,92 años,7,4,3
,93 años,2,1,1
,96 años,3,2,1
,98 años,3,0,3
,99 años,2,0,2
,100 años y más,6,0,6
027 Cuautitlán de García Barragán,Total,18138,9112,9026
,0 años,339,175,164
,1 años,292,140,152
,2 años,400,208,192
,3 años,415,243,172
,4 años,469,249,220
,5 años,341,182,159
,6 años,363,203,160
,7 años,402,177,225
,8 años,412,218,194
,9 años,361,173,188
,10 años,372,199,173
,11 años,409,183,226
,12 años,445,230,215
,13 años,399,188,211
,14 años,464,227,237
,15 años,440,208,232
,16 años,375,178,197
,17 años,379,196,183
,18 años,372,182,190
,19 años,326,159,167
,20 años,329,176,153
,21 años,229,123,106
,22 años,333,173,160
,23 años,323,174,149
,24 años,263,141,122
,25 años,270,140,130
,26 años,219,120,99
,27 años,265,122,143
,28 años,198,95,103
,29 años,172,81,91
,30 años,266,127,139
,31 años,190,100,90
,32 años,209,103,106
,33 años,224,97,127
,34 años,237,103,134
,35 años,267,147,120
,36 años,240,107,133
,37 años,231,125,106
,38 años,234,98,136
,39 años,207,111,96
,40 años,284,134,150
,41 años,159,77,82
,42 años,208,122,86
,43 años,202,111,91
,44 años,203,101,102
,45 años,203,99,104
,46 años,140,72,68
,47 años,178,92,86
,48 años,196,100,96
,49 años,151,84,67
,50 años,222,137,85
,51 años,124,55,69
,52 años,150,91,59
,53 años,133,64,69
,54 años,139,62,77
,55 años,123,73,50
,56 años,114,47,67
,57 años,99,41,58
,58 años,120,61,59
,59 años,70,39,31
,60 años,133,59,74
,61 años,60,30,30
,62 años,91,44,47
,63 años,83,31,52
,64 años,97,47,50
,65 años,167,74,93
,66 años,112,41,71
,67 años,114,43,71
,68 años,88,38,50
,69 años,90,43,47
,70 años,164,82,82
,71 años,70,40,30
,72 años,75,41,34
,73 años,120,68,52
,74 años,89,50,39
,75 años,89,62,27
,76 años,46,21,25
,77 años,59,39,20
,78 años,59,31,28
,79 años,41,21,20
,80 años,57,26,31
,81 años,23,16,7
,82 años,29,14,15
,83 años,27,11,16
,84 años,43,23,20
,85 años,31,5,26
,86 años,40,15,25
,87 años,22,11,11
,88 años,7,2,5
,89 años,20,4,16
,90 años,19,11,8
,91 años,7,2,5
,92 años,16,3,13
,93 años,12,7,5
,94 años,3,1,2
,95 años,11,3,8
,96 años,2,0,2
,97 años,2,2,0
,98 años,8,0,8
,99 años,7,4,3
,100 años y más,2,2,0
,No especificado,4,2,2
028 Cuautla,Total,2120,1020,1100
,0 años,37,13,24
,1 años,40,17,23
,2 años,37,18,19
,3 años,40,23,17
,4 años,30,13,17
,5 años,25,12,13
,6 años,30,12,18
,7 años,31,12,19
,8 años,41,20,21
,9 años,39,21,18
,10 años,28,14,14
,11 años,40,22,18
,12 años,31,9,22
,13 años,41,26,15
,14 años,34,23,11
,15 años,41,19,22
,16 años,29,19,10
,17 años,41,26,15
,18 años,38,21,17
,19 años,31,17,14
,20 años,30,12,18
,21 años,29,14,15
,22 años,44,21,23
,23 años,40,22,18
,24 años,35,18,17
,25 años,36,10,26
,26 años,35,15,20
,27 años,36,14,22
,28 años,33,15,18
,29 años,32,11,21
,30 años,22,12,10
,31 años,23,11,12
,32 años,24,11,13
,33 años,20,12,8
,34 años,33,17,16
,35 años,29,11,18
,36 años,10,8,2
,37 años,17,9,8
,38 años,23,12,11
,39 años,31,13,18
,40 años,25,14,11
,41 años,15,9,6
,42 años,30,16,14
,43 años,22,12,10
,44 años,21,10,11
,45 años,25,11,14
,46 años,26,10,16
,47 años,25,8,17
,48 años,17,9,8
,49 años,21,7,14
,50 años,20,5,15
,51 años,15,7,8
,52 años,21,7,14
,53 años,22,10,12
,54 años,21,14,7
,55 años,27,11,16
,56 años,19,5,14
,57 años,14,9,5
,58 años,21,7,14
,59 años,22,13,9
,60 años,26,13,13
,61 años,9,3,6
,62 años,23,13,10
,63 años,17,5,12
,64 años,23,9,14
,65 años,22,9,13
,66 años,12,6,6
,67 años,23,9,14
,68 años,22,13,9
,69 años,14,11,3
,70 años,15,4,11
,71 años,13,3,10
,72 años,14,6,8
,73 años,15,9,6
,74 años,18,12,6
,75 años,16,12,4
,76 años,9,1,8
,77 años,9,8,1
,78 años,8,5,3
,79 años,6,4,2
,80 años,9,2,7
,81 años,14,7,7
,82 años,8,6,2
,83 años,9,4,5
,84 años,6,4,2
,85 años,7,3,4
,86 años,6,3,3
,87 años,5,3,2
,88 años,5,2,3
,89 años,4,3,1
,90 años,2,1,1
,91 años,4,1,3
,92 años,1,0,1
,93 años,3,3,0
,95 años,1,0,1
,96 años,0,0,0
,97 años,4,3,1
,98 años,1,1,0
,99 años,1,0,1
,No especificado,1,0,1
029 Cuquío,Total,17980,8566,9414
,0 años,262,106,156
,1 años,375,173,202
,2 años,346,194,152
,3 años,328,155,173
,4 años,312,130,182
,5 años,301,141,160
,6 años,340,175,165
,7 años,336,181,155
,8 años,324,162,162
,9 años,309,127,182
,10 años,357,160,197
,11 años,354,170,184
,12 años,358,178,180
,13 años,369,168,201
,14 años,391,215,176
,15 años,371,162,209
,16 años,339,164,175
,17 años,322,176,146
,18 años,276,145,131
,19 años,263,134,129
,20 años,315,167,148
,21 años,269,121,148
,22 años,309,180,129
,23 años,246,126,120
,24 años,287,143,144
,25 años,258,108,150
,26 años,220,107,113
,27 años,262,93,169
,28 años,258,96,162
,29 años,217,84,133
,30 años,278,138,140
,31 años,202,104,98
,32 años,249,108,141
,33 años,207,76,131
,34 años,188,94,94
,35 años,238,88,150
,36 años,216,105,111
,37 años,199,106,93
,38 años,296,140,156
,39 años,211,97,114
,40 años,254,101,153
,41 años,208,87,121
,42 años,236,117,119
,43 años,197,113,84
,44 años,224,122,102
,45 años,205,101,104
,46 años,191,82,109
,47 años,204,83,121
,48 años,179,59,120
,49 años,196,107,89
,50 años,210,105,105
,51 años,148,67,81
,52 años,183,78,105
,53 años,165,74,91
,54 años,145,59,86
,55 años,209,82,127
,56 años,180,86,94
,57 años,140,58,82
,58 años,128,56,72
,59 años,125,62,63
,60 años,197,93,104
,61 años,99,46,53
,62 años,143,81,62
,63 años,161,89,72
,64 años,120,72,48
,65 años,187,86,101
,66 años,134,57,77
,67 años,121,69,52
,68 años,108,57,51
,69 años,77,39,38
,70 años,98,50,48
,71 años,87,46,41
,72 años,113,54,59
,73 años,69,30,39
,74 años,97,39,58
,75 años,78,44,34
,76 años,65,36,29
,77 años,71,33,38
,78 años,76,36,40
,79 años,69,38,31
,80 años,69,47,22
,81 años,37,17,20
,82 años,62,29,33
,83 años,45,28,17
,84 años,59,28,31
,85 años,40,27,13
,86 años,43,13,30
,87 años,21,8,13
,88 años,27,10,17
,89 años,32,20,12
,90 años,15,15,0
,91 años,10,3,7
,92 años,22,12,10
,93 años,5,0,5
,94 años,7,4,3
,95 años,11,6,5
,96 años,6,4,2
,97 años,7,2,5
,99 años,2,2,0
,100 años y más,5,0,5
030 Chapala,Total,50738,24604,26134
,0 años,804,419,385
,1 años,799,410,389
,2 años,909,497,412
,3 años,903,460,443
,4 años,916,444,472
,5 años,933,464,469
,6 años,923,480,443
,7 años,829,450,379
,8 años,1021,511,510
,9 años,902,477,425
,10 años,861,422,439
,11 años,884,435,449
,12 años,799,420,379
,13 años,886,424,462
,14 años,922,433,489
,15 años,825,454,371
,16 años,763,404,359
,17 años,860,433,427
,18 años,928,484,444
,19 años,852,435,417
,20 años,873,396,477
,21 años,871,464,407
,22 años,867,449,418
,23 años,896,468,428
,24 años,816,397,419
,25 años,900,405,495
,26 años,789,359,430
,27 años,778,406,372
,28 años,796,388,408
,29 años,623,298,325
,30 años,817,422,395
,31 años,523,239,284
,32 años,768,328,440
,33 años,680,309,371
,34 años,710,370,340
,35 años,698,341,357
,36 años,624,306,318
,37 años,634,331,303
,38 años,665,268,397
,39 años,642,327,315
,40 años,939,441,498
,41 años,534,241,293
,42 años,752,352,400
,43 años,613,315,298
,44 años,589,280,309
,45 años,618,255,363
,46 años,463,216,247
,47 años,482,241,241
,48 años,451,215,236
,49 años,437,195,242
,50 años,625,264,361
,51 años,413,155,258
,52 años,525,264,261
,53 años,380,184,196
,54 años,467,195,272
,55 años,481,217,264
,56 años,385,177,208
,57 años,412,164,248
,58 años,471,230,241
,59 años,363,150,213
,60 años,538,241,297
,61 años,292,111,181
,62 años,498,210,288
,63 años,454,218,236
,64 años,339,160,179
,65 años,524,237,287
,66 años,331,149,182
,67 años,408,209,199
,68 años,360,184,176
,69 años,303,150,153
,70 años,342,191,151
,71 años,266,104,162
,72 años,326,118,208
,73 años,312,134,178
,74 años,264,138,126
,75 años,285,131,154
,76 años,235,137,98
,77 años,189,77,112
,78 años,248,135,113
,79 años,129,69,60
,80 años,217,88,129
,81 años,134,64,70
,82 años,119,45,74
,83 años,73,43,30
,84 años,98,50,48
,85 años,61,7,54
,86 años,94,59,35
,87 años,81,47,34
,88 años,47,14,33
,89 años,31,11,20
,90 años,71,18,53
,91 años,22,7,15
,92 años,23,12,11
,93 años,14,4,10
,94 años,11,4,7
,95 años,32,14,18
,96 años,11,4,7
,97 años,5,0,5
,98 años,8,0,8
,99 años,20,9,11
,100 años y más,11,7,4
,No especificado,23,16,7
031 Chimaltitán,Total,3383,1659,1724
,0 años,64,34,30
,1 años,78,34,44
,2 años,72,39,33
,3 años,82,43,39
,4 años,81,42,39
,5 años,92,47,45
,6 años,90,43,47
,7 años,96,46,50
,8 años,95,53,42
,9 años,82,45,37
,10 años,73,36,37
,11 años,71,26,45
,12 años,76,34,42
,13 años,62,33,29
,14 años,75,37,38
,15 años,66,38,28
,16 años,76,39,37
,17 años,64,35,29
,18 años,61,29,32
,19 años,58,29,29
,20 años,58,30,28
,21 años,44,17,27
,22 años,59,25,34
,23 años,55,26,29
,24 años,54,28,26
,25 años,37,19,18
,26 años,50,25,25
,27 años,57,27,30
,28 años,41,21,20
,29 años,34,18,16
,30 años,42,18,24
,31 años,29,11,18
,32 años,36,19,17
,33 años,40,16,24
,34 años,29,16,13
,35 años,44,19,25
,36 años,44,25,19
,37 años,24,10,14
,38 años,49,19,30
,39 años,29,15,14
,40 años,52,22,30
,41 años,29,16,13
,42 años,40,23,17
,43 años,33,16,17
,44 años,31,15,16
,45 años,34,23,11
,46 años,24,15,9
,47 años,22,11,11
,48 años,30,16,14
,49 años,26,15,11
,50 años,34,13,21
,51 años,14,10,4
,52 años,31,17,14
,53 años,21,8,13
,54 años,29,16,13
,55 años,26,10,16
,56 años,17,8,9
,57 años,18,6,12
,58 años,28,15,13
,59 años,19,7,12
,60 años,19,6,13
,61 años,15,9,6
,62 años,17,7,10
,63 años,18,10,8
,64 años,18,8,10
,65 años,29,13,16
,66 años,24,13,11
,67 años,19,10,9
,68 años,13,5,8
,69 años,8,6,2
,70 años,18,8,10
,71 años,16,7,9
,72 años,21,9,12
,73 años,22,9,13
,74 años,23,9,14
,75 años,22,10,12
,76 años,11,2,9
,77 años,13,3,10
,78 años,15,7,8
,79 años,12,5,7
,80 años,16,9,7
,81 años,7,5,2
,82 años,7,5,2
,83 años,9,3,6
,84 años,4,2,2
,85 años,9,5,4
,86 años,8,2,6
,87 años,3,1,2
,88 años,7,2,5
,89 años,5,4,1
,90 años,7,4,3
,91 años,3,1,2
,92 años,2,2,0
,93 años,3,3,0
,94 años,2,1,1
,95 años,2,1,1
,96 años,1,0,1
,97 años,1,1,0
,98 años,2,1,1
,99 años,2,2,0
,100 años y más,3,1,2
032 Chiquilistlán,Total,6102,3103,2999
,0 años,129,72,57
,1 años,137,60,77
,2 años,138,82,56
,3 años,138,75,63
,4 años,140,76,64
,5 años,137,70,67
,6 años,136,70,66
,7 años,140,69,71
,8 años,123,77,46
,9 años,123,66,57
,10 años,98,58,40
,11 años,126,71,55
,12 años,125,69,56
,13 años,131,66,65
,14 años,156,88,68
,15 años,138,76,62
,16 años,120,61,59
,17 años,130,66,64
,18 años,121,74,47
,19 años,79,42,37
,20 años,127,79,48
,21 años,130,55,75
,22 años,119,52,67
,23 años,110,57,53
,24 años,107,55,52
,25 años,107,53,54
,26 años,79,41,38
,27 años,74,40,34
,28 años,101,60,41
,29 años,86,34,52
,30 años,92,47,45
,31 años,58,31,27
,32 años,69,34,35
,33 años,49,17,32
,34 años,86,45,41
,35 años,52,33,19
,36 años,65,31,34
,37 años,54,20,34
,38 años,58,27,31
,39 años,65,29,36
,40 años,88,52,36
,41 años,60,24,36
,42 años,55,21,34
,43 años,65,35,30
,44 años,72,23,49
,45 años,63,29,34
,46 años,42,19,23
,47 años,57,31,26
,48 años,51,26,25
,49 años,74,28,46
,50 años,55,18,37
,51 años,57,28,29
,52 años,55,21,34
,53 años,60,39,21
,54 años,67,43,24
,55 años,45,20,25
,56 años,46,22,24
,57 años,36,15,21
,58 años,41,19,22
,59 años,28,6,22
,60 años,38,18,20
,61 años,25,17,8
,62 años,31,18,13
,63 años,28,8,20
,64 años,33,17,16
,65 años,31,14,17
,66 años,43,20,23
,67 años,25,16,9
,68 años,21,18,3
,69 años,38,21,17
,70 años,34,8,26
,71 años,18,6,12
,72 años,50,28,22
,73 años,27,11,16
,74 años,25,9,16
,75 años,26,15,11
,76 años,22,15,7
,77 años,18,11,7
,78 años,15,9,6
,79 años,12,3,9
,80 años,20,14,6
,81 años,16,5,11
,82 años,15,8,7
,83 años,11,0,11
,84 años,13,7,6
,85 años,11,3,8
,86 años,9,3,6
,87 años,10,5,5
,88 años,13,9,4
,89 años,14,4,10
,90 años,10,6,4
,91 años,1,1,0
,92 años,7,1,6
,93 años,5,4,1
,94 años,5,3,2
,95 años,2,0,2
,97 años,1,1,0
,98 años,1,0,1
,99 años,4,0,4
,100 años y más,2,0,2
,No especificado,2,0,2
033 Degollado,Total,21479,10461,11018
,0 años,347,178,169
,1 años,418,211,207
,2 años,394,224,170
,3 años,363,200,163
,4 años,397,201,196
,5 años,418,223,195
,6 años,407,207,200
,7 años,415,233,182
,8 años,490,268,222
,9 años,424,217,207
,10 años,395,201,194
,11 años,374,193,181
,12 años,423,215,208
,13 años,391,195,196
,14 años,523,255,268
,15 años,431,206,225
,16 años,398,191,207
,17 años,407,206,201
,18 años,403,176,227
,19 años,334,184,150
,20 años,385,183,202
,21 años,354,174,180
,22 años,433,180,253
,23 años,349,159,190
,24 años,287,153,134
,25 años,292,141,151
,26 años,276,114,162
,27 años,265,108,157
,28 años,301,125,176
,29 años,286,112,174
,30 años,289,146,143
,31 años,240,108,132
,32 años,278,135,143
,33 años,246,127,119
,34 años,291,124,167
,35 años,293,129,164
,36 años,328,170,158
,37 años,264,141,123
,38 años,350,147,203
,39 años,263,139,124
,40 años,319,153,166
,41 años,226,117,109
,42 años,315,158,157
,43 años,294,146,148
,44 años,290,120,170
,45 años,253,117,136
,46 años,202,105,97
,47 años,229,98,131
,48 años,312,152,160
,49 años,269,117,152
,50 años,220,103,117
,51 años,198,94,104
,52 años,193,81,112
,53 años,185,90,95
,54 años,206,99,107
,55 años,186,92,94
,56 años,158,66,92
,57 años,159,79,80
,58 años,178,79,99
,59 años,120,64,56
,60 años,177,73,104
,61 años,104,55,49
,62 años,129,79,50
,63 años,134,47,87
,64 años,135,50,85
,65 años,184,89,95
,66 años,139,81,58
,67 años,121,67,54
,68 años,115,47,68
,69 años,100,48,52
,70 años,125,74,51
,71 años,74,41,33
,72 años,106,58,48
,73 años,93,34,59
,74 años,104,45,59
,75 años,114,65,49
,76 años,98,38,60
,77 años,72,33,39
,78 años,98,53,45
,79 años,48,29,19
,80 años,92,62,30
,81 años,26,9,17
,82 años,40,14,26
,83 años,60,20,40
,84 años,47,15,32
,85 años,39,14,25
,86 años,35,29,6
,87 años,15,5,10
,88 años,14,9,5
,89 años,15,9,6
,90 años,11,4,7
,91 años,18,5,13
,92 años,21,13,8
,93 años,2,0,2
,95 años,2,0,2
,96 años,11,4,7
,97 años,4,2,2
,98 años,2,2,0
,99 años,2,0,2
,100 años y más,6,2,4
,No especificado,13,8,5
034 Ejutla,Total,1862,960,902
,0 años,26,13,13
,1 años,31,12,19
,2 años,29,15,14
,3 años,36,19,17
,4 años,35,18,17
,5 años,28,14,14
,6 años,30,12,18
,7 años,31,16,15
,8 años,36,22,14
,9 años,29,14,15
,10 años,26,15,11
,11 años,27,12,15
,12 años,24,8,16
,13 años,23,11,12
,14 años,28,13,15
,15 años,22,15,7
,16 años,36,19,17
,17 años,24,15,9
,18 años,23,10,13
,19 años,26,19,7
,20 años,33,23,10
,21 años,24,16,8
,22 años,18,8,10
,23 años,23,11,12
,24 años,20,12,8
,25 años,36,21,15
,26 años,21,7,14
,27 años,26,12,14
,28 años,23,11,12
,29 años,25,9,16
,30 años,30,17,13
,31 años,27,10,17
,32 años,19,12,7
,33 años,22,9,13
,34 años,33,13,20
,35 años,21,10,11
,36 años,17,8,9
,37 años,25,17,8
,38 años,19,10,9
,39 años,16,10,6
,40 años,25,15,10
,41 años,24,12,12
,42 años,21,8,13
,43 años,21,7,14
,44 años,22,11,11
,45 años,24,14,10
,46 años,17,11,6
,47 años,16,8,8
,48 años,29,19,10
,49 años,16,6,10
,50 años,26,14,12
,51 años,17,9,8
,52 años,20,8,12
,53 años,24,10,14
,54 años,21,9,12
,55 años,25,12,13
,56 años,17,10,7
,57 años,16,6,10
,58 años,20,11,9
,59 años,17,10,7
,60 años,14,7,7
,61 años,19,10,9
,62 años,16,5,11
,63 años,17,9,8
,64 años,13,8,5
,65 años,19,11,8
,66 años,23,14,9
,67 años,16,6,10
,68 años,14,7,7
,69 años,15,6,9
,70 años,14,8,6
,71 años,11,8,3
,72 años,15,9,6
,73 años,15,7,8
,74 años,16,9,7
,75 años,15,8,7
,76 años,8,4,4
,77 años,11,6,5
,78 años,13,4,9
,79 años,12,4,8
,80 años,9,7,2
,81 años,11,8,3
,82 años,8,3,5
,83 años,11,8,3
,84 años,11,7,4
,85 años,10,9,1
,86 años,8,5,3
,87 años,8,4,4
,88 años,6,2,4
,89 años,3,1,2
,90 años,2,1,1
,92 años,1,1,0
,93 años,1,1,0
,94 años,1,1,0
,95 años,2,1,1
,96 años,2,1,1
,97 años,2,1,1
,98 años,1,1,0
,99 años,2,0,2
,100 años y más,1,0,1
035 Encarnación de Díaz,Total,53555,25766,27789
,0 años,1007,500,507
,1 años,940,465,475
,2 años,1057,526,531
,3 años,1081,523,558
,4 años,1176,566,610
,5 años,1158,525,633
,6 años,997,499,498
,7 años,1058,521,537
,8 años,1166,571,595
,9 años,996,520,476
,10 años,1078,533,545
,11 años,999,519,480
,12 años,1106,590,516
,13 años,1103,600,503
,14 años,1181,581,600
,15 años,1063,610,453
,16 años,1021,516,505
,17 años,1083,502,581
,18 años,1016,505,511
,19 años,981,440,541
,20 años,856,397,459
,21 años,873,455,418
,22 años,851,425,426
,23 años,927,423,504
,24 años,775,357,418
,25 años,885,396,489
,26 años,744,365,379
,27 años,834,357,477
,28 años,854,415,439
,29 años,672,344,328
,30 años,837,355,482
,31 años,747,326,421
,32 años,837,382,455
,33 años,722,338,384
,34 años,785,378,407
,35 años,705,351,354
,36 años,721,328,393
,37 años,817,382,435
,38 años,759,400,359
,39 años,613,262,351
,40 años,858,429,429
,41 años,551,268,283
,42 años,812,404,408
,43 años,618,317,301
,44 años,582,292,290
,45 años,713,409,304
,46 años,478,208,270
,47 años,504,210,294
,48 años,530,244,286
,49 años,478,264,214
,50 años,570,276,294
,51 años,403,227,176
,52 años,494,210,284
,53 años,489,220,269
,54 años,394,163,231
,55 años,389,171,218
,56 años,348,166,182
,57 años,389,183,206
,58 años,411,193,218
,59 años,348,100,248
,60 años,459,226,233
,61 años,331,146,185
,62 años,365,146,219
,63 años,296,142,154
,64 años,368,171,197
,65 años,454,183,271
,66 años,245,112,133
,67 años,320,184,136
,68 años,277,134,143
,69 años,225,92,133
,70 años,273,128,145
,71 años,129,38,91
,72 años,186,98,88
,73 años,189,103,86
,74 años,208,102,106
,75 años,228,90,138
,76 años,142,63,79
,77 años,119,52,67
,78 años,162,81,81
,79 años,115,51,64
,80 años,172,60,112
,81 años,101,59,42
,82 años,97,33,64
,83 años,67,24,43
,84 años,111,46,65
,85 años,71,25,46
,86 años,61,27,34
,87 años,92,40,52
,88 años,54,20,34
,89 años,42,12,30
,90 años,45,20,25
,91 años,8,8,0
,92 años,34,17,17
,93 años,23,14,9
,94 años,21,9,12
,96 años,9,0,9
,97 años,4,4,0
,No especificado,12,4,8
036 Etzatlán,Total,19847,9545,10302
,0 años,362,177,185
,1 años,331,159,172
,2 años,379,196,183
,3 años,367,194,173
,4 años,367,205,162
,5 años,412,194,218
,6 años,405,193,212
,7 años,377,188,189
,8 años,410,215,195
,9 años,393,209,184
,10 años,406,206,200
,11 años,415,191,224
,12 años,433,214,219
,13 años,383,171,212
,14 años,369,185,184
,15 años,424,219,205
,16 años,349,178,171
,17 años,381,159,222
,18 años,395,184,211
,19 años,342,151,191
,20 años,326,166,160
,21 años,323,155,168
,22 años,329,160,169
,23 años,310,168,142
,24 años,297,148,149
,25 años,271,111,160
,26 años,244,102,142
,27 años,237,84,153
,28 años,243,107,136
,29 años,272,144,128
,30 años,310,145,165
,31 años,212,117,95
,32 años,288,130,158
,33 años,270,120,150
,34 años,237,92,145
,35 años,252,120,132
,36 años,252,138,114
,37 años,229,117,112
,38 años,260,104,156
,39 años,297,149,148
,40 años,288,137,151
,41 años,259,123,136
,42 años,297,167,130
,43 años,278,138,140
,44 años,222,99,123
,45 años,236,127,109
,46 años,201,100,101
,47 años,164,76,88
,48 años,210,80,130
,49 años,178,81,97
,50 años,250,128,122
,51 años,134,65,69
,52 años,221,100,121
,53 años,183,76,107
,54 años,170,78,92
,55 años,142,52,90
,56 años,181,90,91
,57 años,155,84,71
,58 años,165,62,103
,59 años,130,68,62
,60 años,160,69,91
,61 años,89,40,49
,62 años,131,54,77
,63 años,123,63,60
,64 años,137,60,77
,65 años,163,82,81
,66 años,144,65,79
,67 años,149,72,77
,68 años,103,58,45
,69 años,89,39,50
,70 años,111,52,59
,71 años,50,17,33
,72 años,83,50,33
,73 años,88,42,46
,74 años,116,48,68
,75 años,102,54,48
,76 años,77,35,42
,77 años,75,32,43
,78 años,65,44,21
,79 años,40,18,22
,80 años,85,35,50
,81 años,48,31,17
,82 años,55,32,23
,83 años,43,10,33
,84 años,61,27,34
,85 años,30,16,14
,86 años,30,17,13
,87 años,30,12,18
,88 años,20,14,6
,89 años,19,15,4
,90 años,26,10,16
,91 años,11,6,5
,92 años,23,12,11
,93 años,8,4,4
,94 años,9,2,7
,95 años,6,4,2
,96 años,2,2,0
,97 años,2,0,2
,98 años,4,0,4
,99 años,11,4,7
,100 años y más,2,0,2
,No especificado,4,2,2
037 El Grullo,Total,24312,11663,12649
,0 años,429,213,216
,1 años,378,162,216
,2 años,382,204,178
,3 años,543,287,256
,4 años,452,230,222
,5 años,409,188,221
,6 años,433,234,199
,7 años,478,200,278
,8 años,448,222,226
,9 años,436,222,214
,10 años,443,203,240
,11 años,427,197,230
,12 años,445,203,242
,13 años,423,206,217
,14 años,393,193,200
,15 años,458,233,225
,16 años,425,190,235
,17 años,374,202,172
,18 años,474,239,235
,19 años,395,193,202
,20 años,391,148,243
,21 años,364,211,153
,22 años,387,206,181
,23 años,430,215,215
,24 años,392,208,184
,25 años,401,195,206
,26 años,337,166,171
,27 años,423,242,181
,28 años,397,175,222
,29 años,353,165,188
,30 años,454,183,271
,31 años,294,121,173
,32 años,307,131,176
,33 años,340,158,182
,34 años,321,149,172
,35 años,261,137,124
,36 años,319,143,176
,37 años,321,162,159
,38 años,360,180,180
,39 años,352,172,180
,40 años,404,192,212
,41 años,279,128,151
,42 años,342,145,197
,43 años,313,159,154
,44 años,283,147,136
,45 años,303,149,154
,46 años,231,105,126
,47 años,249,107,142
,48 años,307,143,164
,49 años,297,174,123
,50 años,306,143,163
,51 años,214,95,119
,52 años,256,109,147
,53 años,241,112,129
,54 años,209,98,111
,55 años,222,97,125
,56 años,182,95,87
,57 años,169,88,81
,58 años,201,100,101
,59 años,225,119,106
,60 años,251,124,127
,61 años,155,75,80
,62 años,170,74,96
,63 años,145,58,87
,64 años,160,69,91
,65 años,211,91,120
,66 años,127,67,60
,67 años,145,46,99
,68 años,138,67,71
,69 años,124,58,66
,70 años,149,68,81
,71 años,98,37,61
,72 años,96,41,55
,73 años,117,56,61
,74 años,90,34,56
,75 años,108,61,47
,76 años,68,26,42
,77 años,81,51,30
,78 años,84,36,48
,79 años,61,30,31
,80 años,92,47,45
,81 años,48,33,15
,82 años,39,24,15
,83 años,70,29,41
,84 años,39,15,24
,85 años,85,50,35
,86 años,35,14,21
,87 años,36,12,24
,88 años,36,9,27
,89 años,33,12,21
,90 años,26,12,14
,91 años,26,12,14
,92 años,14,6,8
,93 años,15,9,6
,94 años,21,0,21
,95 años,9,3,6
,96 años,5,5,0
,98 años,3,0,3
,99 años,3,3,0
,100 años y más,3,3,0
,No especificado,14,3,11
038 Guachinango,Total,4184,2140,2044
,0 años,63,29,34
,1 años,77,42,35
,2 años,77,40,37
,3 años,88,44,44
,4 años,87,49,38
,5 años,57,29,28
,6 años,59,30,29
,7 años,76,29,47
,8 años,70,34,36
,9 años,56,32,24
,10 años,77,37,40
,11 años,71,37,34
,12 años,59,30,29
,13 años,73,38,35
,14 años,76,37,39
,15 años,81,35,46
,16 años,71,38,33
,17 años,68,39,29
,18 años,55,28,27
,19 años,70,40,30
,20 años,49,29,20
,21 años,53,27,26
,22 años,79,40,39
,23 años,57,20,37
,24 años,70,36,34
,25 años,77,38,39
,26 años,51,29,22
,27 años,59,29,30
,28 años,54,31,23
,29 años,64,25,39
,30 años,60,31,29
,31 años,40,12,28
,32 años,46,29,17
,33 años,46,19,27
,34 años,47,21,26
,35 años,44,23,21
,36 años,58,37,21
,37 años,39,18,21
,38 años,73,40,33
,39 años,46,21,25
,40 años,49,27,22
,41 años,42,21,21
,42 años,51,30,21
,43 años,44,27,17
,44 años,54,32,22
,45 años,69,37,32
,46 años,51,25,26
,47 años,42,28,14
,48 años,37,18,19
,49 años,42,18,24
,50 años,50,25,25
,51 años,39,23,16
,52 años,41,20,21
,53 años,35,21,14
,54 años,48,30,18
,55 años,40,20,20
,56 años,36,20,16
,57 años,32,17,15
,58 años,27,16,11
,59 años,24,14,10
,60 años,37,16,21
,61 años,26,17,9
,62 años,35,20,15
,63 años,23,13,10
,64 años,38,15,23
,65 años,55,25,30
,66 años,39,21,18
,67 años,32,19,13
,68 años,26,14,12
,69 años,27,10,17
,70 años,34,20,14
,71 años,28,13,15
,72 años,29,17,12
,73 años,22,5,17
,74 años,42,22,20
,75 años,27,11,16
,76 años,25,13,12
,77 años,23,7,16
,78 años,30,15,15
,79 años,22,11,11
,80 años,23,12,11
,81 años,14,9,5
,82 años,20,10,10
,83 años,13,5,8
,84 años,22,12,10
,85 años,10,6,4
,86 años,12,5,7
,87 años,13,6,7
,88 años,9,6,3
,89 años,10,6,4
,90 años,6,4,2
,91 años,4,2,2
,92 años,9,3,6
,93 años,4,2,2
,94 años,6,2,4
,95 años,2,2,0
,96 años,4,1,3
,99 años,3,1,2
,100 años y más,2,1,1
,No especificado,2,0,2
039 Guadalajara,Total,1460148,704282,755866
,0 años,18644,9458,9186
,1 años,19016,9134,9882
,2 años,20145,10302,9843
,3 años,20269,10655,9614
,4 años,21335,10618,10717
,5 años,21795,10873,10922
,6 años,20981,10370,10611
,7 años,21107,10505,10602
,8 años,22632,11962,10670
,9 años,22451,10839,11612
,10 años,23324,11723,11601
,11 años,22438,11539,10899
,12 años,23067,11426,11641
,13 años,23971,12043,11928
,14 años,25238,13042,12196
,15 años,25774,13920,11854
,16 años,22869,11770,11099
,17 años,25763,13234,12529
,18 años,27178,13536,13642
,19 años,25760,12800,12960
,20 años,27632,13879,13753
,21 años,26382,13540,12842
,22 años,29313,15545,13768
,23 años,26678,13740,12938
,24 años,26540,13215,13325
,25 años,26096,12941,13155
,26 años,23199,11575,11624
,27 años,23355,11911,11444
,28 años,24854,12967,11887
,29 años,21172,10550,10622
,30 años,28424,13969,14455
,31 años,18425,9195,9230
,32 años,23892,11662,12230
,33 años,19671,9922,9749
,34 años,20554,9664,10890
,35 años,20911,10151,10760
,36 años,17488,8428,9060
,37 años,18639,9327,9312
,38 años,20250,9686,10564
,39 años,17820,7758,10062
,40 años,25211,12531,12680
,41 años,15909,7693,8216
,42 años,22971,11305,11666
,43 años,18990,9095,9895
,44 años,18438,8248,10190
,45 años,21188,10173,11015
,46 años,17188,7833,9355
,47 años,16345,7659,8686
,48 años,17970,7891,10079
,49 años,16385,7737,8648
,50 años,20893,9150,11743
,51 años,12989,5940,7049
,52 años,18240,7889,10351
,53 años,14302,6348,7954
,54 años,16791,7281,9510
,55 años,15290,6736,8554
,56 años,13037,6413,6624
,57 años,12654,5435,7219
,58 años,14069,6053,8016
,59 años,12796,5848,6948
,60 años,17626,7734,9892
,61 años,9566,4516,5050
,62 años,13414,5356,8058
,63 años,12303,5218,7085
,64 años,11017,5383,5634
,65 años,13352,5667,7685
,66 años,9027,3398,5629
,67 años,10010,4214,5796
,68 años,9188,4105,5083
,69 años,7108,3622,3486
,70 años,10142,4753,5389
,71 años,5511,2549,2962
,72 años,7843,3761,4082
,73 años,6672,2835,3837
,74 años,6035,2258,3777
,75 años,5776,2574,3202
,76 años,5110,1769,3341
,77 años,4002,1721,2281
,78 años,5105,2397,2708
,79 años,3765,1634,2131
,80 años,5152,2318,2834
,81 años,2216,937,1279
,82 años,2850,1193,1657
,83 años,2663,989,1674
,84 años,2863,1112,1751
,85 años,3181,1075,2106
,86 años,1559,593,966
,87 años,1891,603,1288
,88 años,1246,571,675
,89 años,1122,544,578
,90 años,1524,575,949
,91 años,631,278,353
,92 años,805,306,499
,93 años,832,270,562
,94 años,343,37,306
,95 años,493,176,317
,96 años,263,88,175
,97 años,120,42,78
,98 años,220,29,191
,99 años,95,39,56
,100 años y más,152,78,74
,No especificado,647,333,314
040 Hostotipaquillo,Total,9761,4996,4765
,0 años,182,98,84
,1 años,178,99,79
,2 años,187,84,103
,3 años,200,101,99
,4 años,225,121,104
,5 años,219,120,99
,6 años,185,91,94
,7 años,208,115,93
,8 años,208,110,98
,9 años,183,98,85
,10 años,207,112,95
,11 años,228,118,110
,12 años,209,108,101
,13 años,187,94,93
,14 años,193,112,81
,15 años,234,122,112
,16 años,189,99,90
,17 años,189,91,98
,18 años,173,83,90
,19 años,149,81,68
,20 años,149,95,54
,21 años,152,82,70
,22 años,157,76,81
,23 años,135,71,64
,24 años,155,78,77
,25 años,136,65,71
,26 años,130,56,74
,27 años,123,67,56
,28 años,133,58,75
,29 años,109,60,49
,30 años,129,71,58
,31 años,107,61,46
,32 años,105,61,44
,33 años,86,37,49
,34 años,120,64,56
,35 años,143,68,75
,36 años,114,61,53
,37 años,113,74,39
,38 años,132,61,71
,39 años,130,58,72
,40 años,106,53,53
,41 años,115,61,54
,42 años,137,73,64
,43 años,108,50,58
,44 años,113,74,39
,45 años,123,58,65
,46 años,109,48,61
,47 años,104,44,60
,48 años,105,40,65
,49 años,125,68,57
,50 años,99,51,48
,51 años,82,35,47
,52 años,78,48,30
,53 años,67,27,40
,54 años,70,43,27
,55 años,78,44,34
,56 años,86,40,46
,57 años,63,30,33
,58 años,69,32,37
,59 años,72,30,42
,60 años,64,36,28
,61 años,48,23,25
,62 años,52,26,26
,63 años,59,18,41
,64 años,85,28,57
,65 años,74,27,47
,66 años,81,45,36
,67 años,53,22,31
,68 años,69,41,28
,69 años,48,16,32
,70 años,71,41,30
,71 años,37,21,16
,72 años,38,18,20
,73 años,68,35,33
,74 años,49,33,16
,75 años,58,22,36
,76 años,43,21,22
,77 años,48,25,23
,78 años,58,27,31
,79 años,24,10,14
,80 años,29,17,12
,81 años,10,10,0
,82 años,26,10,16
,83 años,18,14,4
,84 años,37,18,19
,85 años,14,8,6
,86 años,18,12,6
,87 años,13,8,5
,88 años,9,4,5
,89 años,9,5,4
,90 años,8,0,8
,91 años,10,8,2
,92 años,4,0,4
,93 años,8,6,2
,94 años,9,5,4
,95 años,7,3,4
,96 años,1,1,0
,97 años,2,0,2
,100 años y más,2,2,0
041 Huejúcar,Total,5633,2702,2931
,0 años,99,47,52
,1 años,77,44,33
,2 años,63,32,31
,3 años,88,41,47
,4 años,100,52,48
,5 años,82,36,46
,6 años,116,73,43
,7 años,101,54,47
,8 años,84,53,31
,9 años,83,47,36
,10 años,118,58,60
,11 años,88,31,57
,12 años,113,55,58
,13 años,120,66,54
,14 años,86,43,43
,15 años,101,34,67
,16 años,92,54,38
,17 años,104,59,45
,18 años,100,40,60
,19 años,96,53,43
,20 años,71,33,38
,21 años,73,37,36
,22 años,75,34,41
,23 años,98,51,47
,24 años,76,42,34
,25 años,52,26,26
,26 años,58,34,24
,27 años,73,35,38
,28 años,62,31,31
,29 años,68,34,34
,30 años,75,31,44
,31 años,57,29,28
,32 años,74,31,43
,33 años,71,36,35
,34 años,46,19,27
,35 años,70,32,38
,36 años,56,30,26
,37 años,87,34,53
,38 años,67,26,41
,39 años,55,23,32
,40 años,61,31,30
,41 años,56,31,25
,42 años,91,48,43
,43 años,65,37,28
,44 años,86,42,44
,45 años,79,37,42
,46 años,72,30,42
,47 años,55,33,22
,48 años,69,27,42
,49 años,61,28,33
,50 años,65,21,44
,51 años,50,23,27
,52 años,65,35,30
,53 años,41,16,25
,54 años,59,22,37
,55 años,41,25,16
,56 años,44,23,21
,57 años,62,32,30
,58 años,59,25,34
,59 años,45,16,29
,60 años,56,22,34
,61 años,37,20,17
,62 años,49,21,28
,63 años,41,15,26
,64 años,62,26,36
,65 años,53,18,35
,66 años,50,21,29
,67 años,34,19,15
,68 años,55,24,31
,69 años,45,18,27
,70 años,45,21,24
,71 años,34,14,20
,72 años,39,19,20
,73 años,51,27,24
,74 años,49,28,21
,75 años,46,21,25
,76 años,47,19,28
,77 años,23,10,13
,78 años,39,13,26
,79 años,18,8,10
,80 años,31,14,17
,81 años,22,15,7
,82 años,16,13,3
,83 años,36,9,27
,84 años,31,17,14
,85 años,20,8,12
,86 años,8,6,2
,87 años,13,5,8
,88 años,7,2,5
,89 años,14,5,9
,90 años,11,4,7
,91 años,2,1,1
,92 años,4,4,0
,93 años,12,2,10
,94 años,12,5,7
,95 años,2,0,2
,97 años,1,0,1
,98 años,3,2,1
,100 años y más,5,2,3
,No especificado,9,2,7
042 Huejuquilla el Alto,Total,8787,4198,4589
,0 años,203,86,117
,1 años,156,72,84
,2 años,161,76,85
,3 años,185,92,93
,4 años,214,109,105
,5 años,201,109,92
,6 años,187,106,81
,7 años,172,86,86
,8 años,175,79,96
,9 años,176,81,95
,10 años,187,114,73
,11 años,175,87,88
,12 años,188,80,108
,13 años,161,82,79
,14 años,183,104,79
,15 años,220,99,121
,16 años,193,90,103
,17 años,175,92,83
,18 años,143,70,73
,19 años,155,78,77
,20 años,138,70,68
,21 años,126,58,68
,22 años,138,70,68
,23 años,150,76,74
,24 años,145,68,77
,25 años,116,51,65
,26 años,121,44,77
,27 años,123,55,68
,28 años,105,50,55
,29 años,95,56,39
,30 años,134,61,73
,31 años,92,46,46
,32 años,128,51,77
,33 años,106,47,59
,34 años,105,43,62
,35 años,121,54,67
,36 años,96,50,46
,37 años,90,38,52
,38 años,71,41,30
,39 años,96,49,47
,40 años,122,53,69
,41 años,75,24,51
,42 años,112,59,53
,43 años,80,31,49
,44 años,88,45,43
,45 años,72,36,36
,46 años,84,37,47
,47 años,71,31,40
,48 años,73,44,29
,49 años,71,29,42
,50 años,88,47,41
,51 años,58,30,28
,52 años,68,36,32
,53 años,72,33,39
,54 años,71,27,44
,55 años,77,34,43
,56 años,74,27,47
,57 años,55,24,31
,58 años,75,33,42
,59 años,58,27,31
,60 años,82,46,36
,61 años,34,18,16
,62 años,54,31,23
,63 años,56,23,33
,64 años,72,33,39
,65 años,82,32,50
,66 años,64,18,46
,67 años,49,27,22
,68 años,50,25,25
,69 años,41,22,19
,70 años,46,18,28
,71 años,49,23,26
,72 años,48,21,27
,73 años,33,19,14
,74 años,59,36,23
,75 años,52,21,31
,76 años,29,12,17
,77 años,43,18,25
,78 años,48,23,25
,79 años,30,17,13
,80 años,45,14,31
,81 años,18,7,11
,82 años,23,8,15
,83 años,35,19,16
,84 años,25,13,12
,85 años,26,15,11
,86 años,25,11,14
,87 años,15,7,8
,88 años,22,12,10
,89 años,11,7,4
,90 años,14,4,10
,91 años,7,5,2
,92 años,10,5,5
,93 años,8,2,6
,94 años,7,2,5
,95 años,3,0,3
,96 años,3,0,3
,97 años,2,0,2
,98 años,1,0,1
,99 años,4,2,2
,100 años y más,3,1,2
,No especificado,9,4,5
043 La Huerta,Total,24563,12447,12116
,0 años,399,188,211
,1 años,406,203,203
,2 años,414,177,237
,3 años,456,252,204
,4 años,460,205,255
,5 años,526,265,261
,6 años,463,224,239
,7 años,479,268,211
,8 años,458,269,189
,9 años,425,218,207
,10 años,491,244,247
,11 años,453,271,182
,12 años,414,219,195
,13 años,514,260,254
,14 años,462,246,216
,15 años,481,238,243
,16 años,431,230,201
,17 años,489,289,200
,18 años,453,211,242
,19 años,400,211,189
,20 años,378,190,188
,21 años,343,168,175
,22 años,360,176,184
,23 años,407,199,208
,24 años,391,215,176
,25 años,349,156,193
,26 años,393,192,201
,27 años,399,169,230
,28 años,359,166,193
,29 años,272,134,138
,30 años,341,160,181
,31 años,283,147,136
,32 años,316,119,197
,33 años,280,141,139
,34 años,309,188,121
,35 años,312,125,187
,36 años,334,202,132
,37 años,335,167,168
,38 años,339,167,172
,39 años,302,150,152
,40 años,302,154,148
,41 años,234,129,105
,42 años,343,155,188
,43 años,285,134,151
,44 años,319,181,138
,45 años,278,147,131
,46 años,334,179,155
,47 años,283,130,153
,48 años,257,144,113
,49 años,268,127,141
,50 años,263,151,112
,51 años,207,107,100
,52 años,250,113,137
,53 años,199,98,101
,54 años,293,147,146
,55 años,234,136,98
,56 años,239,156,83
,57 años,247,126,121
,58 años,240,104,136
,59 años,195,113,82
,60 años,206,97,109
,61 años,182,78,104
,62 años,157,78,79
,63 años,224,100,124
,64 años,165,63,102
,65 años,193,125,68
,66 años,177,100,77
,67 años,139,69,70
,68 años,162,63,99
,69 años,89,38,51
,70 años,168,84,84
,71 años,115,44,71
,72 años,125,63,62
,73 años,91,54,37
,74 años,138,72,66
,75 años,122,71,51
,76 años,120,58,62
,77 años,87,45,42
,78 años,110,50,60
,79 años,70,43,27
,80 años,61,29,32
,81 años,31,18,13
,82 años,53,27,26
,83 años,51,27,24
,84 años,59,35,24
,85 años,18,8,10
,86 años,44,25,19
,87 años,29,20,9
,88 años,37,23,14
,89 años,34,10,24
,90 años,25,8,17
,91 años,14,9,5
,92 años,22,14,8
,93 años,12,4,8
,94 años,21,12,9
,95 años,7,7,0
,96 años,23,10,13
,97 años,5,0,5
,98 años,8,3,5
,99 años,3,0,3
,100 años y más,9,9,0
,No especificado,11,4,7
044 Ixtlahuacán de los Membrillos,Total,53045,26188,26857
,0 años,1163,609,554
,1 años,1027,535,492
,2 años,1252,591,661
,3 años,1289,665,624
,4 años,1348,700,648
,5 años,1376,654,722
,6 años,1226,637,589
,7 años,1262,654,608
,8 años,1180,622,558
,9 años,1279,663,616
,10 años,1108,528,580
,11 años,1054,614,440
,12 años,1097,535,562
,13 años,991,463,528
,14 años,1065,553,512
,15 años,1065,537,528
,16 años,801,371,430
,17 años,805,378,427
,18 años,887,424,463
,19 años,909,471,438
,20 años,847,342,505
,21 años,745,350,395
,22 años,900,449,451
,23 años,981,446,535
,24 años,881,425,456
,25 años,717,336,381
,26 años,851,402,449
,27 años,904,423,481
,28 años,1038,474,564
,29 años,919,452,467
,30 años,1166,535,631
,31 años,799,382,417
,32 años,1001,491,510
,33 años,840,365,475
,34 años,703,416,287
,35 años,942,366,576
,36 años,799,424,375
,37 años,789,424,365
,38 años,866,368,498
,39 años,743,399,344
,40 años,925,469,456
,41 años,561,269,292
,42 años,816,431,385
,43 años,618,296,322
,44 años,523,256,267
,45 años,684,391,293
,46 años,557,277,280
,47 años,539,237,302
,48 años,540,239,301
,49 años,438,164,274
,50 años,624,318,306
,51 años,313,166,147
,52 años,486,232,254
,53 años,438,197,241
,54 años,430,256,174
,55 años,414,205,209
,56 años,214,88,126
,57 años,314,174,140
,58 años,300,147,153
,59 años,247,115,132
,60 años,365,219,146
,61 años,143,90,53
,62 años,246,113,133
,63 años,206,99,107
,64 años,189,99,90
,65 años,278,143,135
,66 años,137,49,88
,67 años,192,105,87
,68 años,133,59,74
,69 años,96,36,60
,70 años,158,85,73
,71 años,107,70,37
,72 años,120,62,58
,73 años,129,46,83
,74 años,89,54,35
,75 años,127,72,55
,76 años,71,40,31
,77 años,78,56,22
,78 años,77,31,46
,79 años,32,18,14
,80 años,74,35,39
,81 años,42,29,13
,82 años,30,9,21
,83 años,40,23,17
,84 años,48,28,20
,85 años,49,32,17
,86 años,41,16,25
,87 años,9,9,0
,88 años,18,5,13
,89 años,0,0,0
,90 años,14,5,9
,91 años,11,8,3
,92 años,9,4,5
,93 años,17,8,9
,94 años,3,0,3
,95 años,4,0,4
,96 años,5,5,0
,97 años,5,0,5
,No especificado,57,26,31
045 Ixtlahuacán del Río,Total,19070,9222,9848
,0 años,339,182,157
,1 años,370,181,189
,2 años,356,167,189
,3 años,453,232,221
,4 años,351,164,187
,5 años,354,179,175
,6 años,383,213,170
,7 años,401,196,205
,8 años,370,178,192
,9 años,409,204,205
,10 años,396,224,172
,11 años,380,181,199
,12 años,369,177,192
,13 años,329,157,172
,14 años,354,198,156
,15 años,384,184,200
,16 años,342,191,151
,17 años,362,175,187
,18 años,342,191,151
,19 años,281,144,137
,20 años,262,137,125
,21 años,297,160,137
,22 años,279,125,154
,23 años,285,150,135
,24 años,288,127,161
,25 años,262,114,148
,26 años,274,133,141
,27 años,285,126,159
,28 años,283,122,161
,29 años,229,99,130
,30 años,300,129,171
,31 años,255,97,158
,32 años,244,122,122
,33 años,249,107,142
,34 años,245,119,126
,35 años,271,102,169
,36 años,242,111,131
,37 años,271,109,162
,38 años,270,130,140
,39 años,258,133,125
,40 años,267,133,134
,41 años,228,116,112
,42 años,294,152,142
,43 años,220,127,93
,44 años,229,122,107
,45 años,214,94,120
,46 años,227,115,112
,47 años,203,69,134
,48 años,184,83,101
,49 años,177,94,83
,50 años,232,99,133
,51 años,126,47,79
,52 años,199,90,109
,53 años,188,74,114
,54 años,212,98,114
,55 años,168,99,69
,56 años,149,73,76
,57 años,146,68,78
,58 años,164,82,82
,59 años,144,56,88
,60 años,142,82,60
,61 años,129,43,86
,62 años,136,78,58
,63 años,117,58,59
,64 años,124,54,70
,65 años,153,69,84
,66 años,121,54,67
,67 años,125,70,55
,68 años,122,58,64
,69 años,99,51,48
,70 años,89,37,52
,71 años,64,30,34
,72 años,109,43,66
,73 años,79,40,39
,74 años,117,69,48
,75 años,67,34,33
,76 años,65,21,44
,77 años,51,23,28
,78 años,77,33,44
,79 años,56,34,22
,80 años,44,19,25
,81 años,53,28,25
,82 años,57,21,36
,83 años,30,12,18
,84 años,51,28,23
,85 años,18,2,16
,86 años,27,13,14
,87 años,17,11,6
,88 años,18,8,10
,89 años,14,10,4
,90 años,16,10,6
,91 años,4,4,0
,92 años,6,2,4
,93 años,4,2,2
,94 años,4,0,4
,95 años,4,2,2
,96 años,4,0,4
,98 años,4,2,2
,100 años y más,4,4,0
,No especificado,4,2,2
046 Jalostotitlán,Total,33777,16684,17093
,0 años,599,271,328
,1 años,710,349,361
,2 años,658,328,330
,3 años,679,370,309
,4 años,736,380,356
,5 años,790,425,365
,6 años,773,405,368
,7 años,677,317,360
,8 años,736,348,388
,9 años,740,369,371
,10 años,687,390,297
,11 años,727,391,336
,12 años,752,429,323
,13 años,711,332,379
,14 años,741,379,362
,15 años,640,291,349
,16 años,705,345,360
,17 años,671,314,357
,18 años,623,320,303
,19 años,622,363,259
,20 años,624,322,302
,21 años,579,306,273
,22 años,649,365,284
,23 años,479,227,252
,24 años,560,248,312
,25 años,549,273,276
,26 años,451,179,272
,27 años,458,239,219
,28 años,522,234,288
,29 años,501,242,259
,30 años,581,284,297
,31 años,430,200,230
,32 años,521,275,246
,33 años,414,202,212
,34 años,436,189,247
,35 años,459,230,229
,36 años,441,198,243
,37 años,443,217,226
,38 años,463,238,225
,39 años,375,178,197
,40 años,468,245,223
,41 años,347,170,177
,42 años,471,253,218
,43 años,399,183,216
,44 años,365,189,176
,45 años,413,203,210
,46 años,315,132,183
,47 años,281,141,140
,48 años,336,141,195
,49 años,279,113,166
,50 años,372,205,167
,51 años,232,106,126
,52 años,301,127,174
,53 años,257,119,138
,54 años,243,109,134
,55 años,240,140,100
,56 años,268,144,124
,57 años,213,95,118
,58 años,240,108,132
,59 años,201,91,110
,60 años,244,121,123
,61 años,141,66,75
,62 años,248,117,131
,63 años,143,66,77
,64 años,190,86,104
,65 años,191,82,109
,66 años,151,63,88
,67 años,174,82,92
,68 años,177,75,102
,69 años,124,50,74
,70 años,157,72,85
,71 años,102,57,45
,72 años,140,59,81
,73 años,138,65,73
,74 años,144,85,59
,75 años,130,62,68
,76 años,118,60,58
,77 años,103,50,53
,78 años,102,43,59
,79 años,64,23,41
,80 años,84,24,60
,81 años,73,30,43
,82 años,65,32,33
,83 años,44,28,16
,84 años,46,18,28
,85 años,79,43,36
,86 años,40,31,9
,87 años,26,8,18
,88 años,33,24,9
,89 años,33,21,12
,90 años,15,13,2
,91 años,20,17,3
,92 años,18,9,9
,93 años,6,0,6
,94 años,18,9,9
,95 años,12,3,9
,96 años,20,6,14
,97 años,3,3,0
,98 años,3,0,3
,99 años,2,2,0
,100 años y más,3,3,0
047 Jamay,Total,24753,12334,12419
,0 años,428,226,202
,1 años,421,209,212
,2 años,548,274,274
,3 años,504,221,283
,4 años,542,263,279
,5 años,508,287,221
,6 años,512,268,244
,7 años,443,224,219
,8 años,488,249,239
,9 años,557,311,246
,10 años,469,230,239
,11 años,514,284,230
,12 años,491,230,261
,13 años,490,239,251
,14 años,485,252,233
,15 años,505,222,283
,16 años,458,245,213
,17 años,489,264,225
,18 años,506,254,252
,19 años,387,206,181
,20 años,475,246,229
,21 años,442,254,188
,22 años,462,236,226
,23 años,489,254,235
,24 años,383,176,207
,25 años,389,187,202
,26 años,381,179,202
,27 años,355,161,194
,28 años,392,197,195
,29 años,346,182,164
,30 años,404,200,204
,31 años,320,147,173
,32 años,352,177,175
,33 años,346,155,191
,34 años,341,182,159
,35 años,358,160,198
,36 años,328,175,153
,37 años,354,185,169
,38 años,354,173,181
,39 años,354,170,184
,40 años,345,146,199
,41 años,239,135,104
,42 años,318,157,161
,43 años,241,123,118
,44 años,317,126,191
,45 años,246,107,139
,46 años,268,119,149
,47 años,284,121,163
,48 años,309,147,162
,49 años,222,123,99
,50 años,251,162,89
,51 años,169,79,90
,52 años,230,121,109
,53 años,198,92,106
,54 años,221,100,121
,55 años,278,131,147
,56 años,160,75,85
,57 años,174,80,94
,58 años,162,82,80
,59 años,155,81,74
,60 años,165,72,93
,61 años,125,73,52
,62 años,132,64,68
,63 años,142,66,76
,64 años,166,84,82
,65 años,182,96,86
,66 años,128,60,68
,67 años,113,43,70
,68 años,120,48,72
,69 años,79,40,39
,70 años,130,52,78
,71 años,76,51,25
,72 años,111,41,70
,73 años,117,57,60
,74 años,86,40,46
,75 años,65,37,28
,76 años,46,24,22
,77 años,50,27,23
,78 años,62,34,28
,79 años,58,41,17
,80 años,70,25,45
,81 años,46,29,17
,82 años,55,40,15
,83 años,42,23,19
,84 años,33,16,17
,85 años,53,27,26
,86 años,36,13,23
,87 años,5,3,2
,88 años,20,0,20
,89 años,16,11,5
,90 años,17,8,9
,92 años,10,5,5
,93 años,13,8,5
,94 años,3,0,3
,95 años,10,4,6
,96 años,7,4,3
,98 años,2,2,0
,99 años,2,2,0
,100 años y más,3,3,0
048 Jesús María,Total,19469,8819,10650
,0 años,353,162,191
,1 años,328,171,157
,2 años,308,141,167
,3 años,337,146,191
,4 años,423,198,225
,5 años,356,195,161
,6 años,350,154,196
,7 años,380,163,217
,8 años,405,216,189
,9 años,339,159,180
,10 años,383,176,207
,11 años,442,211,231
,12 años,427,225,202
,13 años,436,200,236
,14 años,424,185,239
,15 años,454,218,236
,16 años,412,193,219
,17 años,407,192,215
,18 años,349,154,195
,19 años,329,136,193
,20 años,284,124,160
,21 años,309,113,196
,22 años,284,110,174
,23 años,262,122,140
,24 años,270,108,162
,25 años,294,133,161
,26 años,229,70,159
,27 años,252,112,140
,28 años,221,91,130
,29 años,271,106,165
,30 años,269,123,146
,31 años,216,131,85
,32 años,250,112,138
,33 años,210,105,105
,34 años,196,77,119
,35 años,237,120,117
,36 años,253,97,156
,37 años,229,122,107
,38 años,252,99,153
,39 años,242,106,136
,40 años,278,112,166
,41 años,209,85,124
,42 años,244,112,132
,43 años,221,105,116
,44 años,259,115,144
,45 años,268,107,161
,46 años,255,112,143
,47 años,222,128,94
,48 años,155,72,83
,49 años,194,94,100
,50 años,249,91,158
,51 años,166,67,99
,52 años,225,100,125
,53 años,179,95,84
,54 años,173,58,115
,55 años,163,85,78
,56 años,140,56,84
,57 años,137,48,89
,58 años,131,52,79
,59 años,148,64,84
,60 años,164,87,77
,61 años,120,62,58
,62 años,120,45,75
,63 años,126,75,51
,64 años,110,44,66
,65 años,142,59,83
,66 años,147,46,101
,67 años,125,56,69
,68 años,131,53,78
,69 años,101,37,64
,70 años,142,62,80
,71 años,97,30,67
,72 años,128,65,63
,73 años,100,49,51
,74 años,111,59,52
,75 años,127,70,57
,76 años,77,41,36
,77 años,89,56,33
,78 años,43,22,21
,79 años,80,32,48
,80 años,54,24,30
,81 años,61,25,36
,82 años,46,19,27
,83 años,33,14,19
,84 años,46,27,19
,85 años,49,14,35
,86 años,38,20,18
,87 años,25,15,10
,88 años,30,15,15
,89 años,17,11,6
,90 años,24,13,11
,91 años,21,6,15
,92 años,6,6,0
,93 años,9,4,5
,94 años,9,3,6
,95 años,4,4,0
,96 años,2,2,0
,97 años,8,5,3
,98 años,5,5,0
,No especificado,14,3,11
049 Jilotlán de los Dolores,Total,9917,4981,4936
,0 años,181,91,90
,1 años,160,84,76
,2 años,211,95,116
,3 años,221,103,118
,4 años,176,85,91
,5 años,200,114,86
,6 años,194,104,90
,7 años,205,102,103
,8 años,196,101,95
,9 años,172,80,92
,10 años,187,107,80
,11 años,171,95,76
,12 años,223,119,104
,13 años,199,86,113
,14 años,197,90,107
,15 años,191,92,99
,16 años,208,100,108
,17 años,155,83,72
,18 años,168,78,90
,19 años,152,87,65
,20 años,147,57,90
,21 años,165,71,94
,22 años,187,79,108
,23 años,161,80,81
,24 años,151,75,76
,25 años,177,91,86
,26 años,139,83,56
,27 años,127,61,66
,28 años,148,80,68
,29 años,144,90,54
,30 años,177,81,96
,31 años,122,54,68
,32 años,117,64,53
,33 años,150,73,77
,34 años,144,57,87
,35 años,128,61,67
,36 años,125,59,66
,37 años,143,82,61
,38 años,159,94,65
,39 años,105,52,53
,40 años,168,83,85
,41 años,76,36,40
,42 años,122,53,69
,43 años,111,65,46
,44 años,115,62,53
,45 años,129,77,52
,46 años,57,28,29
,47 años,91,47,44
,48 años,118,54,64
,49 años,116,60,56
,50 años,123,70,53
,51 años,95,39,56
,52 años,116,55,61
,53 años,100,47,53
,54 años,88,41,47
,55 años,97,48,49
,56 años,76,39,37
,57 años,72,36,36
,58 años,75,39,36
,59 años,63,39,24
,60 años,87,44,43
,61 años,64,33,31
,62 años,67,37,30
,63 años,79,35,44
,64 años,84,56,28
,65 años,69,28,41
,66 años,51,29,22
,67 años,59,17,42
,68 años,57,33,24
,69 años,40,18,22
,70 años,58,28,30
,71 años,28,10,18
,72 años,35,20,15
,73 años,35,19,16
,74 años,35,16,19
,75 años,23,9,14
,76 años,32,5,27
,77 años,28,17,11
,78 años,49,29,20
,79 años,22,10,12
,80 años,32,23,9
,81 años,19,15,4
,82 años,14,10,4
,83 años,21,8,13
,84 años,26,15,11
,85 años,23,10,13
,86 años,13,8,5
,87 años,13,4,9
,88 años,15,10,5
,89 años,9,2,7
,90 años,10,8,2
,91 años,6,6,0
,92 años,8,4,4
,94 años,6,2,4
,96 años,3,1,2
,97 años,2,2,0
,100 años y más,2,0,2
,No especificado,2,2,0
050 Jocotepec,Total,46521,22921,23600
,0 años,1087,527,560
,1 años,981,471,510
,2 años,1055,506,549
,3 años,995,508,487
,4 años,1106,562,544
,5 años,892,453,439
,6 años,1094,540,554
,7 años,959,473,486
,8 años,992,486,506
,9 años,915,492,423
,10 años,1041,493,548
,11 años,942,490,452
,12 años,938,486,452
,13 años,995,489,506
,14 años,925,429,496
,15 años,823,397,426
,16 años,931,479,452
,17 años,875,406,469
,18 años,919,508,411
,19 años,791,389,402
,20 años,937,468,469
,21 años,883,454,429
,22 años,900,427,473
,23 años,882,451,431
,24 años,821,414,407
,25 años,762,394,368
,26 años,735,358,377
,27 años,641,307,334
,28 años,662,309,353
,29 años,640,318,322
,30 años,782,393,389
,31 años,496,251,245
,32 años,649,374,275
,33 años,636,267,369
,34 años,609,294,315
,35 años,627,314,313
,36 años,583,312,271
,37 años,579,240,339
,38 años,648,299,349
,39 años,552,261,291
,40 años,632,273,359
,41 años,468,228,240
,42 años,653,319,334
,43 años,481,228,253
,44 años,492,222,270
,45 años,462,245,217
,46 años,404,207,197
,47 años,395,192,203
,48 años,448,212,236
,49 años,405,209,196
,50 años,420,179,241
,51 años,219,120,99
,52 años,389,185,204
,53 años,364,148,216
,54 años,399,191,208
,55 años,402,187,215
,56 años,291,128,163
,57 años,329,115,214
,58 años,322,135,187
,59 años,239,121,118
,60 años,330,186,144
,61 años,157,71,86
,62 años,255,118,137
,63 años,280,139,141
,64 años,275,132,143
,65 años,356,178,178
,66 años,266,144,122
,67 años,251,130,121
,68 años,235,103,132
,69 años,183,117,66
,70 años,236,135,101
,71 años,129,60,69
,72 años,204,101,103
,73 años,201,103,98
,74 años,140,87,53
,75 años,172,101,71
,76 años,103,68,35
,77 años,142,77,65
,78 años,118,75,43
,79 años,95,50,45
,80 años,103,41,62
,81 años,54,40,14
,82 años,85,34,51
,83 años,83,31,52
,84 años,81,38,43
,85 años,77,46,31
,86 años,55,15,40
,87 años,75,37,38
,88 años,48,20,28
,89 años,34,15,19
,90 años,51,17,34
,91 años,9,7,2
,92 años,13,7,6
,93 años,42,33,9
,94 años,6,3,3
,95 años,19,10,9
,96 años,10,6,4
,97 años,7,3,4
,98 años,3,0,3
,99 años,3,0,3
,100 años y más,13,0,13
,No especificado,28,10,18
051 Juanacatlán,Total,17955,8965,8990
,0 años,365,177,188
,1 años,461,241,220
,2 años,366,188,178
,3 años,448,204,244
,4 años,456,248,208
,5 años,386,202,184
,6 años,356,175,181
,7 años,355,175,180
,8 años,402,207,195
,9 años,348,178,170
,10 años,348,175,173
,11 años,355,184,171
,12 años,391,182,209
,13 años,324,184,140
,14 años,307,135,172
,15 años,339,151,188
,16 años,294,146,148
,17 años,306,149,157
,18 años,292,132,160
,19 años,303,131,172
,20 años,314,157,157
,21 años,336,163,173
,22 años,374,192,182
,23 años,359,179,180
,24 años,373,186,187
,25 años,366,169,197
,26 años,326,143,183
,27 años,332,157,175
,28 años,358,197,161
,29 años,250,121,129
,30 años,374,176,198
,31 años,241,131,110
,32 años,290,170,120
,33 años,294,146,148
,34 años,278,159,119
,35 años,243,114,129
,36 años,271,119,152
,37 años,256,139,117
,38 años,250,132,118
,39 años,193,102,91
,40 años,296,130,166
,41 años,178,95,83
,42 años,261,126,135
,43 años,186,111,75
,44 años,161,73,88
,45 años,161,76,85
,46 años,159,77,82
,47 años,168,88,80
,48 años,158,70,88
,49 años,158,77,81
,50 años,178,95,83
,51 años,118,63,55
,52 años,161,80,81
,53 años,121,64,57
,54 años,134,52,82
,55 años,133,62,71
,56 años,116,54,62
,57 años,104,50,54
,58 años,122,53,69
,59 años,95,56,39
,60 años,85,57,28
,61 años,72,32,40
,62 años,94,47,47
,63 años,101,44,57
,64 años,105,49,56
,65 años,145,64,81
,66 años,65,40,25
,67 años,64,40,24
,68 años,64,36,28
,69 años,60,38,22
,70 años,75,53,22
,71 años,38,20,18
,72 años,48,22,26
,73 años,50,24,26
,74 años,35,19,16
,75 años,54,26,28
,76 años,36,21,15
,77 años,39,17,22
,78 años,34,20,14
,79 años,24,10,14
,80 años,30,10,20
,81 años,20,8,12
,82 años,10,4,6
,83 años,9,3,6
,84 años,23,17,6
,85 años,14,10,4
,86 años,18,11,7
,87 años,2,0,2
,88 años,18,14,4
,89 años,10,8,2
,90 años,5,0,5
,91 años,9,3,6
,92 años,8,8,0
,93 años,5,3,2
,94 años,9,5,4
,95 años,7,2,5
,96 años,2,2,0
,97 años,5,3,2
,98 años,2,2,0
,99 años,1,1,0
,No especificado,12,4,8
052 Juchitlán,Total,5638,2771,2867
,0 años,84,40,44
,1 años,121,67,54
,2 años,129,61,68
,3 años,102,57,45
,4 años,129,84,45
,5 años,104,50,54
,6 años,129,58,71
,7 años,114,57,57
,8 años,108,59,49
,9 años,95,43,52
,10 años,111,70,41
,11 años,106,49,57
,12 años,108,59,49
,13 años,92,51,41
,14 años,113,56,57
,15 años,92,55,37
,16 años,109,52,57
,17 años,101,57,44
,18 años,98,39,59
,19 años,76,29,47
,20 años,89,36,53
,21 años,74,36,38
,22 años,77,45,32
,23 años,77,40,37
,24 años,87,39,48
,25 años,110,45,65
,26 años,75,33,42
,27 años,82,39,43
,28 años,80,39,41
,29 años,60,24,36
,30 años,94,42,52
,31 años,58,23,35
,32 años,68,33,35
,33 años,89,42,47
,34 años,79,42,37
,35 años,52,20,32
,36 años,58,30,28
,37 años,64,26,38
,38 años,58,35,23
,39 años,55,26,29
,40 años,96,46,50
,41 años,66,29,37
,42 años,68,33,35
,43 años,55,28,27
,44 años,56,28,28
,45 años,54,27,27
,46 años,56,31,25
,47 años,36,17,19
,48 años,68,35,33
,49 años,72,23,49
,50 años,82,42,40
,51 años,43,24,19
,52 años,55,34,21
,53 años,41,28,13
,54 años,47,20,27
,55 años,33,14,19
,56 años,54,20,34
,57 años,65,27,38
,58 años,51,26,25
,59 años,37,13,24
,60 años,41,20,21
,61 años,46,26,20
,62 años,51,22,29
,63 años,46,24,22
,64 años,25,7,18
,65 años,40,19,21
,66 años,40,23,17
,67 años,42,13,29
,68 años,27,13,14
,69 años,34,17,17
,70 años,40,12,28
,71 años,25,9,16
,72 años,46,25,21
,73 años,34,20,14
,74 años,25,13,12
,75 años,24,14,10
,76 años,29,15,14
,77 años,19,11,8
,78 años,27,14,13
,79 años,19,13,6
,80 años,23,11,12
,81 años,21,12,9
,82 años,20,9,11
,83 años,20,13,7
,84 años,22,9,13
,85 años,19,8,11
,86 años,11,4,7
,87 años,19,10,9
,88 años,8,4,4
,89 años,11,6,5
,90 años,6,5,1
,91 años,6,2,4
,92 años,4,2,2
,93 años,7,5,2
,94 años,4,0,4
,95 años,8,4,4
,96 años,3,2,1
,98 años,3,1,2
,No especificado,1,1,0
053 Lagos de Moreno,Total,164981,80582,84399
,0 años,3832,1954,1878
,1 años,3285,1786,1499
,2 años,3282,1625,1657
,3 años,3352,1731,1621
,4 años,3616,1815,1801
,5 años,3532,1779,1753
,6 años,3495,1952,1543
,7 años,3317,1669,1648
,8 años,3564,1686,1878
,9 años,2918,1436,1482
,10 años,3130,1411,1719
,11 años,3004,1315,1689
,12 años,3411,1786,1625
,13 años,3439,1660,1779
,14 años,3538,2015,1523
,15 años,3218,1490,1728
,16 años,2929,1417,1512
,17 años,3253,1706,1547
,18 años,3434,1688,1746
,19 años,3122,1587,1535
,20 años,3074,1636,1438
,21 años,2981,1636,1345
,22 años,3223,1417,1806
,23 años,3093,1624,1469
,24 años,3405,1506,1899
,25 años,2781,1360,1421
,26 años,3041,1329,1712
,27 años,2798,1524,1274
,28 años,2371,1173,1198
,29 años,2041,897,1144
,30 años,2924,1407,1517
,31 años,2134,997,1137
,32 años,2645,1214,1431
,33 años,2150,1085,1065
,34 años,2360,1167,1193
,35 años,2299,999,1300
,36 años,2028,1018,1010
,37 años,2276,1081,1195
,38 años,2534,1141,1393
,39 años,1903,943,960
,40 años,2583,1225,1358
,41 años,1777,854,923
,42 años,2171,915,1256
,43 años,1530,778,752
,44 años,1546,634,912
,45 años,1686,761,925
,46 años,1257,599,658
,47 años,1603,848,755
,48 años,1684,839,845
,49 años,1289,604,685
,50 años,2031,916,1115
,51 años,1246,530,716
,52 años,1689,924,765
,53 años,1433,585,848
,54 años,1528,719,809
,55 años,1182,539,643
,56 años,1300,647,653
,57 años,1085,534,551
,58 años,1426,695,731
,59 años,1010,438,572
,60 años,1260,623,637
,61 años,804,458,346
,62 años,874,505,369
,63 años,924,474,450
,64 años,913,415,498
,65 años,1333,632,701
,66 años,783,349,434
,67 años,671,295,376
,68 años,671,323,348
,69 años,521,298,223
,70 años,606,365,241
,71 años,420,177,243
,72 años,495,255,240
,73 años,498,247,251
,74 años,549,244,305
,75 años,376,186,190
,76 años,324,95,229
,77 años,316,181,135
,78 años,344,159,185
,79 años,275,156,119
,80 años,251,161,90
,81 años,157,61,96
,82 años,156,43,113
,83 años,212,57,155
,84 años,236,95,141
,85 años,279,97,182
,86 años,211,86,125
,87 años,117,53,64
,88 años,61,34,27
,89 años,61,7,54
,90 años,81,29,52
,91 años,11,6,5
,92 años,47,15,32
,93 años,62,18,44
,94 años,62,31,31
,95 años,27,14,13
,96 años,18,0,18
,97 años,45,23,22
,98 años,25,13,12
,99 años,27,0,27
,100 años y más,26,13,13
,No especificado,64,43,21
054 El Limón,Total,5379,2680,2699
,0 años,72,35,37
,1 años,64,35,29
,2 años,69,42,27
,3 años,84,44,40
,4 años,85,43,42
,5 años,72,31,41
,6 años,56,20,36
,7 años,72,37,35
,8 años,86,51,35
,9 años,88,39,49
,10 años,87,45,42
,11 años,80,33,47
,12 años,112,52,60
,13 años,61,33,28
,14 años,109,65,44
,15 años,95,45,50
,16 años,87,50,37
,17 años,75,39,36
,18 años,81,42,39
,19 años,81,50,31
,20 años,69,44,25
,21 años,62,30,32
,22 años,81,41,40
,23 años,77,37,40
,24 años,69,34,35
,25 años,71,33,38
,26 años,79,43,36
,27 años,89,55,34
,28 años,64,31,33
,29 años,60,30,30
,30 años,61,26,35
,31 años,90,50,40
,32 años,68,36,32
,33 años,49,18,31
,34 años,58,21,37
,35 años,55,28,27
,36 años,70,36,34
,37 años,65,34,31
,38 años,79,37,42
,39 años,45,15,30
,40 años,84,44,40
,41 años,38,15,23
,42 años,70,36,34
,43 años,51,20,31
,44 años,62,29,33
,45 años,66,38,28
,46 años,57,23,34
,47 años,63,32,31
,48 años,58,28,30
,49 años,57,25,32
,50 años,67,42,25
,51 años,80,33,47
,52 años,56,33,23
,53 años,79,35,44
,54 años,72,31,41
,55 años,60,30,30
,56 años,38,12,26
,57 años,55,25,30
,58 años,60,26,34
,59 años,49,21,28
,60 años,54,36,18
,61 años,37,16,21
,62 años,53,24,29
,63 años,64,24,40
,64 años,35,15,20
,65 años,67,28,39
,66 años,58,30,28
,67 años,59,30,29
,68 años,43,21,22
,69 años,39,15,24
,70 años,39,20,19
,71 años,48,28,20
,72 años,45,23,22
,73 años,48,28,20
,74 años,54,28,26
,75 años,41,21,20
,76 años,48,30,18
,77 años,25,11,14
,78 años,34,21,13
,79 años,39,23,16
,80 años,24,11,13
,81 años,24,12,12
,82 años,13,5,8
,83 años,11,4,7
,84 años,39,23,16
,85 años,24,14,10
,86 años,9,7,2
,87 años,18,7,11
,88 años,14,8,6
,89 años,12,4,8
,90 años,9,0,9
,91 años,12,6,6
,92 años,5,1,4
,93 años,9,5,4
,94 años,9,3,6
,95 años,6,1,5
,96 años,2,2,0
,97 años,1,0,1
,98 años,2,0,2
,No especificado,7,7,0
055 Magdalena,Total,22643,11286,11357
,0 años,433,208,225
,1 años,443,204,239
,2 años,408,202,206
,3 años,593,308,285
,4 años,534,250,284
,5 años,493,261,232
,6 años,438,239,199
,7 años,472,252,220
,8 años,489,230,259
,9 años,465,249,216
,10 años,427,229,198
,11 años,445,230,215
,12 años,472,232,240
,13 años,485,270,215
,14 años,503,256,247
,15 años,451,209,242
,16 años,484,273,211
,17 años,490,256,234
,18 años,428,220,208
,19 años,365,196,169
,20 años,413,224,189
,21 años,332,179,153
,22 años,441,243,198
,23 años,400,198,202
,24 años,376,200,176
,25 años,338,184,154
,26 años,338,167,171
,27 años,315,140,175
,28 años,295,142,153
,29 años,298,123,175
,30 años,374,170,204
,31 años,232,113,119
,32 años,315,174,141
,33 años,260,131,129
,34 años,264,145,119
,35 años,290,122,168
,36 años,276,161,115
,37 años,236,103,133
,38 años,255,112,143
,39 años,252,107,145
,40 años,383,187,196
,41 años,241,115,126
,42 años,328,164,164
,43 años,266,124,142
,44 años,248,137,111
,45 años,295,158,137
,46 años,218,86,132
,47 años,209,98,111
,48 años,208,94,114
,49 años,214,99,115
,50 años,211,80,131
,51 años,161,73,88
,52 años,213,103,110
,53 años,166,68,98
,54 años,218,120,98
,55 años,183,75,108
,56 años,174,74,100
,57 años,159,77,82
,58 años,214,107,107
,59 años,132,47,85
,60 años,173,94,79
,61 años,137,69,68
,62 años,151,70,81
,63 años,102,57,45
,64 años,132,65,67
,65 años,196,111,85
,66 años,130,55,75
,67 años,105,54,51
,68 años,96,45,51
,69 años,73,49,24
,70 años,108,40,68
,71 años,86,52,34
,72 años,80,43,37
,73 años,105,58,47
,74 años,106,56,50
,75 años,120,58,62
,76 años,72,32,40
,77 años,63,37,26
,78 años,73,32,41
,79 años,50,18,32
,80 años,57,19,38
,81 años,45,20,25
,82 años,37,17,20
,83 años,28,15,13
,84 años,35,16,19
,85 años,44,22,22
,86 años,29,12,17
,87 años,24,4,20
,88 años,32,15,17
,89 años,19,13,6
,90 años,18,9,9
,91 años,5,5,0
,92 años,4,4,0
,93 años,12,5,7
,94 años,5,0,5
,95 años,2,0,2
,96 años,6,3,3
,97 años,5,5,0
,98 años,8,3,5
,100 años y más,3,3,0
,No especificado,8,3,5
056 Santa María del Oro,Total,2028,1007,1021
,0 años,32,16,16
,1 años,30,15,15
,2 años,24,11,13
,3 años,37,16,21
,4 años,31,13,18
,5 años,34,18,16
,6 años,28,14,14
,7 años,36,16,20
,8 años,31,15,16
,9 años,33,19,14
,10 años,43,24,19
,11 años,42,20,22
,12 años,42,27,15
,13 años,42,24,18
,14 años,51,21,30
,15 años,31,19,12
,16 años,51,31,20
,17 años,34,17,17
,18 años,36,17,19
,19 años,37,12,25
,20 años,29,13,16
,21 años,28,19,9
,22 años,39,19,20
,23 años,26,8,18
,24 años,26,12,14
,25 años,20,11,9
,26 años,26,15,11
,27 años,25,15,10
,28 años,18,9,9
,29 años,17,10,7
,30 años,26,7,19
,31 años,21,13,8
,32 años,22,5,17
,33 años,16,6,10
,34 años,35,12,23
,35 años,25,15,10
,36 años,22,12,10
,37 años,21,11,10
,38 años,25,13,12
,39 años,30,10,20
,40 años,23,12,11
,41 años,19,9,10
,42 años,34,19,15
,43 años,32,16,16
,44 años,19,8,11
,45 años,36,19,17
,46 años,18,12,6
,47 años,34,15,19
,48 años,18,9,9
,49 años,21,13,8
,50 años,27,10,17
,51 años,23,12,11
,52 años,17,9,8
,53 años,24,13,11
,54 años,21,12,9
,55 años,26,14,12
,56 años,15,4,11
,57 años,14,7,7
,58 años,14,6,8
,59 años,19,8,11
,60 años,12,6,6
,61 años,10,5,5
,62 años,16,8,8
,63 años,14,7,7
,64 años,19,11,8
,65 años,12,6,6
,66 años,14,7,7
,67 años,9,6,3
,68 años,14,8,6
,69 años,12,5,7
,70 años,14,8,6
,71 años,9,2,7
,72 años,15,4,11
,73 años,15,6,9
,74 años,15,8,7
,75 años,13,5,8
,76 años,21,11,10
,77 años,9,5,4
,78 años,10,6,4
,79 años,11,5,6
,80 años,15,9,6
,81 años,4,2,2
,82 años,10,7,3
,83 años,9,7,2
,84 años,8,2,6
,85 años,9,4,5
,86 años,9,6,3
,87 años,5,2,3
,88 años,3,1,2
,89 años,6,6,0
,90 años,2,1,1
,91 años,1,1,0
,92 años,1,1,0
,93 años,1,0,1
,94 años,1,0,1
,95 años,0,0,0
,96 años,2,2,0
,100 años y más,2,0,2
057 La Manzanilla de la Paz,Total,3688,1778,1910
,0 años,53,25,28
,1 años,65,32,33
,2 años,60,32,28
,3 años,72,34,38
,4 años,66,34,32
,5 años,53,23,30
,6 años,52,33,19
,7 años,59,32,27
,8 años,56,29,27
,9 años,60,25,35
,10 años,73,31,42
,11 años,49,27,22
,12 años,60,24,36
,13 años,74,32,42
,14 años,59,27,32
,15 años,75,36,39
,16 años,76,37,39
,17 años,60,22,38
,18 años,66,43,23
,19 años,53,31,22
,20 años,56,31,25
,21 años,62,29,33
,22 años,55,23,32
,23 años,60,33,27
,24 años,60,23,37
,25 años,65,24,41
,26 años,63,30,33
,27 años,59,31,28
,28 años,57,25,32
,29 años,59,22,37
,30 años,44,23,21
,31 años,38,19,19
,32 años,54,23,31
,33 años,39,18,21
,34 años,60,23,37
,35 años,46,28,18
,36 años,41,21,20
,37 años,49,21,28
,38 años,36,16,20
,39 años,48,26,22
,40 años,60,35,25
,41 años,30,11,19
,42 años,51,23,28
,43 años,28,18,10
,44 años,42,16,26
,45 años,39,24,15
,46 años,43,18,25
,47 años,31,12,19
,48 años,44,19,25
,49 años,38,23,15
,50 años,54,25,29
,51 años,26,14,12
,52 años,43,21,22
,53 años,47,24,23
,54 años,39,18,21
,55 años,37,17,20
,56 años,36,16,20
,57 años,39,13,26
,58 años,35,18,17
,59 años,20,9,11
,60 años,32,18,14
,61 años,24,11,13
,62 años,38,20,18
,63 años,31,14,17
,64 años,33,16,17
,65 años,37,15,22
,66 años,24,17,7
,67 años,27,12,15
,68 años,21,10,11
,69 años,18,9,9
,70 años,32,17,15
,71 años,23,13,10
,72 años,26,11,15
,73 años,26,15,11
,74 años,22,14,8
,75 años,31,15,16
,76 años,19,13,6
,77 años,18,9,9
,78 años,15,6,9
,79 años,15,8,7
,80 años,15,6,9
,81 años,2,0,2
,82 años,7,5,2
,83 años,7,3,4
,84 años,12,3,9
,85 años,12,7,5
,86 años,10,3,7
,87 años,10,5,5
,88 años,5,1,4
,89 años,3,1,2
,90 años,1,0,1
,91 años,4,1,3
,92 años,4,3,1
,93 años,1,1,0
,94 años,1,1,0
,95 años,3,2,1
,96 años,4,1,3
,100 años y más,1,0,1
058 Mascota,Total,14477,7060,7417
,0 años,212,105,107
,1 años,237,104,133
,2 años,247,133,114
,3 años,254,112,142
,4 años,266,114,152
,5 años,266,151,115
,6 años,266,129,137
,7 años,244,117,127
,8 años,243,110,133
,9 años,256,112,144
,10 años,249,128,121
,11 años,231,107,124
,12 años,227,122,105
,13 años,263,126,137
,14 años,295,128,167
,15 años,267,134,133
,16 años,277,132,145
,17 años,271,127,144
,18 años,281,138,143
,19 años,212,115,97
,20 años,252,122,130
,21 años,229,123,106
,22 años,225,112,113
,23 años,237,129,108
,24 años,191,102,89
,25 años,161,90,71
,26 años,214,113,101
,27 años,250,131,119
,28 años,186,101,85
,29 años,183,89,94
,30 años,197,89,108
,31 años,158,65,93
,32 años,142,62,80
,33 años,195,102,93
,34 años,186,88,98
,35 años,187,89,98
,36 años,218,101,117
,37 años,177,75,102
,38 años,218,98,120
,39 años,158,67,91
,40 años,210,112,98
,41 años,160,83,77
,42 años,166,80,86
,43 años,170,81,89
,44 años,182,93,89
,45 años,154,69,85
,46 años,176,83,93
,47 años,146,80,66
,48 años,145,73,72
,49 años,170,65,105
,50 años,167,95,72
,51 años,117,48,69
,52 años,161,76,85
,53 años,166,78,88
,54 años,163,74,89
,55 años,129,61,68
,56 años,139,69,70
,57 años,113,51,62
,58 años,133,65,68
,59 años,134,67,67
,60 años,103,42,61
,61 años,91,45,46
,62 años,106,53,53
,63 años,108,40,68
,64 años,136,79,57
,65 años,114,57,57
,66 años,108,43,65
,67 años,104,43,61
,68 años,113,58,55
,69 años,88,41,47
,70 años,106,52,54
,71 años,44,29,15
,72 años,98,50,48
,73 años,68,41,27
,74 años,79,34,45
,75 años,74,51,23
,76 años,77,39,38
,77 años,71,37,34
,78 años,85,44,41
,79 años,62,35,27
,80 años,63,30,33
,81 años,37,16,21
,82 años,37,14,23
,83 años,44,18,26
,84 años,60,40,20
,85 años,47,28,19
,86 años,31,18,13
,87 años,23,14,9
,88 años,41,19,22
,89 años,12,8,4
,90 años,17,7,10
,91 años,17,13,4
,92 años,20,6,14
,93 años,18,6,12
,94 años,15,6,9
,95 años,8,2,6
,97 años,6,2,4
,98 años,3,2,1
,99 años,2,0,2
,100 años y más,8,3,5
,No especificado,4,0,4
059 Mazamitla,Total,13799,6604,7195
,0 años,230,108,122
,1 años,274,136,138
,2 años,268,140,128
,3 años,286,148,138
,4 años,323,150,173
,5 años,267,120,147
,6 años,287,154,133
,7 años,255,141,114
,8 años,290,121,169
,9 años,283,132,151
,10 años,297,153,144
,11 años,288,139,149
,12 años,318,165,153
,13 años,240,130,110
,14 años,292,148,144
,15 años,269,105,164
,16 años,265,135,130
,17 años,246,114,132
,18 años,267,150,117
,19 años,206,109,97
,20 años,209,102,107
,21 años,196,97,99
,22 años,223,90,133
,23 años,235,125,110
,24 años,250,123,127
,25 años,214,93,121
,26 años,236,100,136
,27 años,222,101,121
,28 años,213,112,101
,29 años,192,85,107
,30 años,268,105,163
,31 años,152,68,84
,32 años,195,89,106
,33 años,162,81,81
,34 años,194,82,112
,35 años,202,98,104
,36 años,182,87,95
,37 años,192,85,107
,38 años,172,74,98
,39 años,185,92,93
,40 años,209,91,118
,41 años,115,57,58
,42 años,191,112,79
,43 años,158,75,83
,44 años,134,71,63
,45 años,169,74,95
,46 años,130,52,78
,47 años,142,64,78
,48 años,140,70,70
,49 años,145,73,72
,50 años,205,94,111
,51 años,124,53,71
,52 años,137,59,78
,53 años,118,43,75
,54 años,107,47,60
,55 años,127,62,65
,56 años,111,52,59
,57 años,115,58,57
,58 años,99,58,41
,59 años,81,44,37
,60 años,117,67,50
,61 años,69,40,29
,62 años,99,44,55
,63 años,71,25,46
,64 años,93,46,47
,65 años,101,58,43
,66 años,75,29,46
,67 años,73,38,35
,68 años,53,19,34
,69 años,54,40,14
,70 años,66,22,44
,71 años,32,16,16
,72 años,63,29,34
,73 años,38,21,17
,74 años,55,19,36
,75 años,31,14,17
,76 años,44,20,24
,77 años,21,10,11
,78 años,51,26,25
,79 años,24,12,12
,80 años,30,14,16
,81 años,20,5,15
,82 años,31,7,24
,83 años,22,13,9
,84 años,30,14,16
,85 años,26,11,15
,86 años,13,8,5
,87 años,21,6,15
,88 años,12,6,6
,89 años,9,5,4
,90 años,15,9,6
,91 años,1,1,0
,92 años,6,4,2
,94 años,6,2,4
,95 años,6,2,4
,96 años,2,2,0
,97 años,2,0,2
,98 años,8,2,6
,99 años,5,0,5
,100 años y más,2,2,0
060 Mexticacán,Total,5088,2357,2731
,0 años,78,35,43
,1 años,88,38,50
,2 años,94,43,51
,3 años,94,45,49
,4 años,98,60,38
,5 años,79,38,41
,6 años,77,46,31
,7 años,70,28,42
,8 años,72,38,34
,9 años,111,59,52
,10 años,98,54,44
,11 años,88,48,40
,12 años,89,43,46
,13 años,74,40,34
,14 años,69,38,31
,15 años,96,48,48
,16 años,78,43,35
,17 años,77,37,40
,18 años,88,33,55
,19 años,64,32,32
,20 años,59,22,37
,21 años,65,34,31
,22 años,55,26,29
,23 años,64,29,35
,24 años,72,31,41
,25 años,78,37,41
,26 años,66,20,46
,27 años,77,37,40
,28 años,61,33,28
,29 años,71,36,35
,30 años,60,18,42
,31 años,72,28,44
,32 años,69,40,29
,33 años,50,29,21
,34 años,44,22,22
,35 años,64,28,36
,36 años,79,37,42
,37 años,54,30,24
,38 años,64,35,29
,39 años,54,23,31
,40 años,69,27,42
,41 años,68,33,35
,42 años,68,23,45
,43 años,76,32,44
,44 años,58,28,30
,45 años,48,21,27
,46 años,81,27,54
,47 años,51,22,29
,48 años,58,26,32
,49 años,50,32,18
,50 años,89,42,47
,51 años,67,22,45
,52 años,62,27,35
,53 años,48,19,29
,54 años,64,23,41
,55 años,48,29,19
,56 años,35,23,12
,57 años,43,17,26
,58 años,49,17,32
,59 años,43,16,27
,60 años,48,19,29
,61 años,49,21,28
,62 años,38,16,22
,63 años,33,12,21
,64 años,45,22,23
,65 años,51,25,26
,66 años,35,22,13
,67 años,44,14,30
,68 años,41,14,27
,69 años,37,14,23
,70 años,38,19,19
,71 años,29,11,18
,72 años,47,15,32
,73 años,35,14,21
,74 años,37,16,21
,75 años,36,21,15
,76 años,30,14,16
,77 años,21,8,13
,78 años,28,10,18
,79 años,22,13,9
,80 años,24,11,13
,81 años,12,2,10
,82 años,19,6,13
,83 años,23,8,15
,84 años,20,11,9
,85 años,14,4,10
,86 años,12,10,2
,87 años,18,8,10
,88 años,10,4,6
,89 años,14,4,10
,90 años,11,6,5
,91 años,1,1,0
,92 años,8,4,4
,93 años,5,4,1
,94 años,4,1,3
,95 años,3,1,2
,96 años,2,0,2
,98 años,2,2,0
,99 años,4,3,1
,100 años y más,2,0,2
,No especificado,1,0,1
061 Mezquitic,Total,19452,9345,10107
,0 años,602,303,299
,1 años,550,294,256
,2 años,665,346,319
,3 años,634,328,306
,4 años,611,299,312
,5 años,551,265,286
,6 años,508,252,256
,7 años,522,255,267
,8 años,482,231,251
,9 años,486,248,238
,10 años,462,222,240
,11 años,474,257,217
,12 años,465,225,240
,13 años,414,196,218
,14 años,516,245,271
,15 años,466,214,252
,16 años,380,169,211
,17 años,400,183,217
,18 años,403,175,228
,19 años,315,158,157
,20 años,339,153,186
,21 años,259,122,137
,22 años,333,166,167
,23 años,304,125,179
,24 años,361,163,198
,25 años,292,127,165
,26 años,251,120,131
,27 años,263,124,139
,28 años,244,108,136
,29 años,237,123,114
,30 años,255,123,132
,31 años,198,96,102
,32 años,235,103,132
,33 años,216,98,118
,34 años,225,101,124
,35 años,220,108,112
,36 años,209,94,115
,37 años,198,105,93
,38 años,205,95,110
,39 años,200,101,99
,40 años,210,107,103
,41 años,168,86,82
,42 años,192,85,107
,43 años,153,65,88
,44 años,156,71,85
,45 años,162,78,84
,46 años,176,82,94
,47 años,126,55,71
,48 años,134,62,72
,49 años,148,66,82
,50 años,169,65,104
,51 años,116,55,61
,52 años,130,66,64
,53 años,106,53,53
,54 años,114,64,50
,55 años,129,58,71
,56 años,102,50,52
,57 años,92,38,54
,58 años,112,53,59
,59 años,85,45,40
,60 años,122,47,75
,61 años,65,32,33
,62 años,92,40,52
,63 años,68,31,37
,64 años,87,39,48
,65 años,95,44,51
,66 años,78,39,39
,67 años,51,25,26
,68 años,74,36,38
,69 años,65,30,35
,70 años,73,35,38
,71 años,48,23,25
,72 años,62,32,30
,73 años,54,33,21
,74 años,58,25,33
,75 años,49,21,28
,76 años,49,21,28
,77 años,41,24,17
,78 años,55,23,32
,79 años,36,19,17
,80 años,45,21,24
,81 años,22,14,8
,82 años,31,11,20
,83 años,35,23,12
,84 años,39,15,24
,85 años,33,11,22
,86 años,17,11,6
,87 años,17,10,7
,88 años,14,9,5
,89 años,14,4,10
,90 años,17,10,7
,91 años,14,7,7
,92 años,12,6,6
,93 años,7,3,4
,94 años,5,0,5
,95 años,5,5,0
,96 años,4,2,2
,97 años,5,5,0
,98 años,2,2,0
,99 años,4,3,1
,100 años y más,14,5,9
,No especificado,44,25,19
062 Mixtlán,Total,3526,1768,1758
,0 años,61,30,31
,1 años,55,31,24
,2 años,61,33,28
,3 años,66,30,36
,4 años,59,30,29
,5 años,58,31,27
,6 años,65,29,36
,7 años,49,18,31
,8 años,79,39,40
,9 años,58,29,29
,10 años,65,38,27
,11 años,59,34,25
,12 años,55,25,30
,13 años,59,35,24
,14 años,72,37,35
,15 años,56,33,23
,16 años,65,36,29
,17 años,71,40,31
,18 años,63,38,25
,19 años,62,40,22
,20 años,64,24,40
,21 años,45,24,21
,22 años,47,26,21
,23 años,50,25,25
,24 años,52,22,30
,25 años,53,25,28
,26 años,46,23,23
,27 años,50,25,25
,28 años,49,23,26
,29 años,50,24,26
,30 años,49,24,25
,31 años,34,10,24
,32 años,42,22,20
,33 años,33,18,15
,34 años,43,20,23
,35 años,45,19,26
,36 años,54,23,31
,37 años,50,26,24
,38 años,42,21,21
,39 años,39,19,20
,40 años,50,23,27
,41 años,39,24,15
,42 años,58,25,33
,43 años,31,15,16
,44 años,39,18,21
,45 años,42,26,16
,46 años,44,23,21
,47 años,43,28,15
,48 años,48,21,27
,49 años,36,18,18
,50 años,42,14,28
,51 años,38,21,17
,52 años,41,25,16
,53 años,32,17,15
,54 años,32,14,18
,55 años,29,11,18
,56 años,27,19,8
,57 años,29,15,14
,58 años,36,16,20
,59 años,23,14,9
,60 años,34,14,20
,61 años,15,4,11
,62 años,22,16,6
,63 años,26,18,8
,64 años,18,7,11
,65 años,28,12,16
,66 años,24,5,19
,67 años,18,12,6
,68 años,27,16,11
,69 años,20,5,15
,70 años,37,17,20
,71 años,23,11,12
,72 años,29,15,14
,73 años,24,9,15
,74 años,16,10,6
,75 años,23,10,13
,76 años,25,10,15
,77 años,13,9,4
,78 años,19,6,13
,79 años,14,10,4
,80 años,12,5,7
,81 años,11,5,6
,82 años,16,11,5
,83 años,19,7,12
,84 años,10,7,3
,85 años,13,9,4
,86 años,11,5,6
,87 años,6,4,2
,88 años,11,4,7
,89 años,5,3,2
,90 años,7,1,6
,91 años,2,0,2
,92 años,4,1,3
,93 años,2,2,0
,94 años,3,1,2
,95 años,1,0,1
,97 años,3,1,2
,100 años y más,1,0,1
063 Ocotlán,Total,99461,48541,50920
,0 años,1651,783,868
,1 años,1659,853,806
,2 años,1621,815,806
,3 años,1831,887,944
,4 años,1935,1038,897
,5 años,1806,925,881
,6 años,1740,911,829
,7 años,1801,965,836
,8 años,2066,1016,1050
,9 años,1767,849,918
,10 años,1983,1025,958
,11 años,1819,850,969
,12 años,2042,1025,1017
,13 años,2101,1137,964
,14 años,2051,1057,994
,15 años,1924,1000,924
,16 años,1747,845,902
,17 años,1773,990,783
,18 años,1972,951,1021
,19 años,2103,1121,982
,20 años,2306,1036,1270
,21 años,1858,806,1052
,22 años,2208,1107,1101
,23 años,1774,862,912
,24 años,1790,961,829
,25 años,1430,626,804
,26 años,1498,763,735
,27 años,1557,675,882
,28 años,1330,659,671
,29 años,1282,637,645
,30 años,1452,655,797
,31 años,1150,558,592
,32 años,1546,694,852
,33 años,1171,543,628
,34 años,1209,506,703
,35 años,1397,632,765
,36 años,1346,648,698
,37 años,1502,688,814
,38 años,1482,782,700
,39 años,1369,630,739
,40 años,1990,946,1044
,41 años,1244,649,595
,42 años,1564,859,705
,43 años,1194,515,679
,44 años,1131,537,594
,45 años,1350,688,662
,46 años,969,453,516
,47 años,996,481,515
,48 años,1185,500,685
,49 años,1087,502,585
,50 años,1125,581,544
,51 años,754,350,404
,52 años,952,500,452
,53 años,849,394,455
,54 años,909,460,449
,55 años,834,391,443
,56 años,775,394,381
,57 años,882,342,540
,58 años,779,373,406
,59 años,609,303,306
,60 años,771,367,404
,61 años,403,174,229
,62 años,590,271,319
,63 años,800,461,339
,64 años,617,294,323
,65 años,728,330,398
,66 años,588,280,308
,67 años,493,217,276
,68 años,463,208,255
,69 años,386,165,221
,70 años,545,186,359
,71 años,287,132,155
,72 años,336,168,168
,73 años,293,126,167
,74 años,390,211,179
,75 años,334,213,121
,76 años,268,133,135
,77 años,249,96,153
,78 años,203,128,75
,79 años,131,36,95
,80 años,201,109,92
,81 años,103,41,62
,82 años,132,75,57
,83 años,125,62,63
,84 años,132,44,88
,85 años,167,57,110
,86 años,98,49,49
,87 años,55,40,15
,88 años,46,30,16
,89 años,58,32,26
,90 años,64,8,56
,91 años,13,7,6
,92 años,29,5,24
,93 años,51,20,31
,94 años,14,7,7
,96 años,8,0,8
,98 años,8,0,8
,99 años,7,7,0
,100 años y más,22,6,16
,No especificado,26,17,9
064 Ojuelos de Jalisco,Total,32357,15623,16734
,0 años,703,288,415
,1 años,692,358,334
,2 años,749,387,362
,3 años,687,328,359
,4 años,658,335,323
,5 años,779,406,373
,6 años,699,353,346
,7 años,693,326,367
,8 años,753,415,338
,9 años,725,330,395
,10 años,736,352,384
,11 años,691,347,344
,12 años,748,402,346
,13 años,795,424,371
,14 años,782,402,380
,15 años,765,393,372
,16 años,699,342,357
,17 años,706,367,339
,18 años,646,339,307
,19 años,644,315,329
,20 años,589,283,306
,21 años,577,304,273
,22 años,714,340,374
,23 años,581,245,336
,24 años,540,251,289
,25 años,559,248,311
,26 años,499,216,283
,27 años,467,208,259
,28 años,421,176,245
,29 años,527,249,278
,30 años,445,203,242
,31 años,365,194,171
,32 años,463,218,245
,33 años,370,151,219
,34 años,366,167,199
,35 años,479,217,262
,36 años,411,185,226
,37 años,495,184,311
,38 años,447,203,244
,39 años,371,165,206
,40 años,379,176,203
,41 años,262,125,137
,42 años,392,212,180
,43 años,342,144,198
,44 años,382,168,214
,45 años,297,127,170
,46 años,242,126,116
,47 años,260,106,154
,48 años,307,152,155
,49 años,322,162,160
,50 años,270,122,148
,51 años,191,101,90
,52 años,225,91,134
,53 años,210,114,96
,54 años,209,91,118
,55 años,219,87,132
,56 años,170,92,78
,57 años,220,100,120
,58 años,235,120,115
,59 años,163,78,85
,60 años,162,86,76
,61 años,116,64,52
,62 años,173,82,91
,63 años,175,88,87
,64 años,150,73,77
,65 años,197,120,77
,66 años,169,79,90
,67 años,143,63,80
,68 años,152,64,88
,69 años,130,74,56
,70 años,123,61,62
,71 años,103,33,70
,72 años,154,80,74
,73 años,82,46,36
,74 años,115,51,64
,75 años,69,33,36
,76 años,82,51,31
,77 años,81,38,43
,78 años,100,44,56
,79 años,61,39,22
,80 años,62,29,33
,81 años,52,20,32
,82 años,56,27,29
,83 años,30,18,12
,84 años,44,25,19
,85 años,50,23,27
,86 años,18,15,3
,87 años,37,22,15
,88 años,24,8,16
,89 años,12,12,0
,90 años,21,10,11
,91 años,13,5,8
,92 años,23,9,14
,93 años,9,6,3
,94 años,3,0,3
,95 años,11,8,3
,96 años,3,0,3
,97 años,3,0,3
,98 años,4,4,0
,100 años y más,3,0,3
,No especificado,9,3,6
065 Pihuamo,Total,11192,5650,5542
,0 años,198,104,94
,1 años,203,93,110
,2 años,226,131,95
,3 años,205,96,109
,4 años,175,100,75
,5 años,199,107,92
,6 años,196,112,84
,7 años,159,93,66
,8 años,185,98,87
,9 años,190,101,89
,10 años,190,90,100
,11 años,205,113,92
,12 años,177,97,80
,13 años,224,117,107
,14 años,195,96,99
,15 años,191,101,90
,16 años,187,80,107
,17 años,173,83,90
,18 años,175,97,78
,19 años,150,62,88
,20 años,155,74,81
,21 años,195,104,91
,22 años,186,83,103
,23 años,165,77,88
,24 años,171,79,92
,25 años,185,98,87
,26 años,141,71,70
,27 años,187,113,74
,28 años,155,79,76
,29 años,122,43,79
,30 años,167,82,85
,31 años,96,47,49
,32 años,159,77,82
,33 años,133,57,76
,34 años,162,79,83
,35 años,125,77,48
,36 años,112,51,61
,37 años,115,72,43
,38 años,153,80,73
,39 años,105,50,55
,40 años,154,82,72
,41 años,98,44,54
,42 años,155,84,71
,43 años,174,89,85
,44 años,115,53,62
,45 años,128,71,57
,46 años,97,51,46
,47 años,145,80,65
,48 años,164,60,104
,49 años,111,57,54
,50 años,136,74,62
,51 años,103,46,57
,52 años,151,70,81
,53 años,122,65,57
,54 años,86,44,42
,55 años,117,58,59
,56 años,103,52,51
,57 años,95,47,48
,58 años,100,35,65
,59 años,99,44,55
,60 años,110,62,48
,61 años,77,38,39
,62 años,75,36,39
,63 años,91,62,29
,64 años,104,52,52
,65 años,116,54,62
,66 años,78,21,57
,67 años,83,49,34
,68 años,88,44,44
,69 años,74,33,41
,70 años,115,58,57
,71 años,54,23,31
,72 años,79,42,37
,73 años,51,33,18
,74 años,78,35,43
,75 años,69,45,24
,76 años,61,32,29
,77 años,44,26,18
,78 años,49,17,32
,79 años,44,19,25
,80 años,41,16,25
,81 años,22,14,8
,82 años,25,7,18
,83 años,44,18,26
,84 años,31,20,11
,85 años,42,21,21
,86 años,36,23,13
,87 años,37,15,22
,88 años,16,6,10
,89 años,23,12,11
,90 años,17,7,10
,91 años,8,3,5
,92 años,14,8,6
,93 años,8,4,4
,94 años,4,2,2
,95 años,5,2,3
,96 años,7,5,2
,97 años,2,2,0
,98 años,2,2,0
,99 años,2,2,0
,100 años y más,11,6,5
,No especificado,10,4,6
066 Poncitlán,Total,51944,25480,26464
,0 años,1192,593,599
,1 años,1263,615,648
,2 años,1301,642,659
,3 años,1336,677,659
,4 años,1237,600,637
,5 años,1229,577,652
,6 años,1263,614,649
,7 años,1201,640,561
,8 años,1106,585,521
,9 años,1209,624,585
,10 años,1149,579,570
,11 años,1108,511,597
,12 años,1173,584,589
,13 años,1156,522,634
,14 años,1314,623,691
,15 años,1242,639,603
,16 años,1119,636,483
,17 años,984,495,489
,18 años,1075,568,507
,19 años,1033,512,521
,20 años,953,453,500
,21 años,902,456,446
,22 años,929,461,468
,23 años,962,515,447
,24 años,904,450,454
,25 años,763,376,387
,26 años,742,371,371
,27 años,835,443,392
,28 años,763,326,437
,29 años,583,252,331
,30 años,796,432,364
,31 años,530,260,270
,32 años,784,383,401
,33 años,652,280,372
,34 años,597,278,319
,35 años,525,254,271
,36 años,599,247,352
,37 años,606,292,314
,38 años,673,300,373
,39 años,584,304,280
,40 años,664,320,344
,41 años,483,264,219
,42 años,711,357,354
,43 años,547,260,287
,44 años,535,249,286
,45 años,543,262,281
,46 años,363,161,202
,47 años,458,202,256
,48 años,521,240,281
,49 años,453,182,271
,50 años,549,237,312
,51 años,311,190,121
,52 años,428,207,221
,53 años,379,154,225
,54 años,404,194,210
,55 años,405,165,240
,56 años,329,179,150
,57 años,321,166,155
,58 años,308,139,169
,59 años,377,209,168
,60 años,297,121,176
,61 años,216,133,83
,62 años,283,145,138
,63 años,229,103,126
,64 años,258,106,152
,65 años,366,172,194
,66 años,247,146,101
,67 años,195,77,118
,68 años,182,79,103
,69 años,126,73,53
,70 años,182,92,90
,71 años,143,72,71
,72 años,148,87,61
,73 años,135,88,47
,74 años,155,64,91
,75 años,148,67,81
,76 años,136,74,62
,77 años,85,37,48
,78 años,105,61,44
,79 años,82,31,51
,80 años,103,49,54
,81 años,51,25,26
,82 años,65,34,31
,83 años,78,27,51
,84 años,69,26,43
,85 años,68,30,38
,86 años,63,30,33
,87 años,48,15,33
,88 años,42,25,17
,89 años,38,14,24
,90 años,18,10,8
,91 años,11,7,4
,92 años,23,11,12
,93 años,15,7,8
,94 años,11,4,7
,95 años,15,7,8
,96 años,7,3,4
,97 años,4,0,4
,98 años,3,3,0
,99 años,4,0,4
,100 años y más,15,8,7
,No especificado,14,11,3
067 Puerto Vallarta,Total,275640,137779,137861
,0 años,4058,2283,1775
,1 años,4176,1890,2286
,2 años,5344,2469,2875
,3 años,4256,2221,2035
,4 años,5066,2680,2386
,5 años,4792,2495,2297
,6 años,5083,2686,2397
,7 años,5964,3161,2803
,8 años,5048,2656,2392
,9 años,4715,2470,2245
,10 años,5395,2906,2489
,11 años,4904,2862,2042
,12 años,4582,2320,2262
,13 años,5008,2486,2522
,14 años,5624,2799,2825
,15 años,5024,2558,2466
,16 años,4687,2567,2120
,17 años,5317,2774,2543
,18 años,6018,3090,2928
,19 años,5191,2607,2584
,20 años,4881,2476,2405
,21 años,4306,1985,2321
,22 años,5206,2546,2660
,23 años,5147,2751,2396
,24 años,4949,2400,2549
,25 años,5459,2892,2567
,26 años,4774,1882,2892
,27 años,4727,2660,2067
,28 años,4796,2284,2512
,29 años,4503,2258,2245
,30 años,5392,2673,2719
,31 años,3334,1437,1897
,32 años,5746,2730,3016
,33 años,4249,1929,2320
,34 años,4154,1952,2202
,35 años,4932,2109,2823
,36 años,3658,1835,1823
,37 años,4198,2194,2004
,38 años,4765,2303,2462
,39 años,4543,2066,2477
,40 años,5206,2775,2431
,41 años,3112,1462,1650
,42 años,4202,2304,1898
,43 años,3599,1765,1834
,44 años,3377,1616,1761
,45 años,4045,2026,2019
,46 años,3419,1447,1972
,47 años,2919,1631,1288
,48 años,3197,1606,1591
,49 años,2333,1256,1077
,50 años,4338,2253,2085
,51 años,1873,1036,837
,52 años,2713,1269,1444
,53 años,2157,1035,1122
,54 años,2208,1082,1126
,55 años,2367,1298,1069
,56 años,1927,786,1141
,57 años,2202,1064,1138
,58 años,2146,910,1236
,59 años,2108,1058,1050
,60 años,2218,1114,1104
,61 años,1365,694,671
,62 años,1543,822,721
,63 años,1523,624,899
,64 años,1451,582,869
,65 años,1809,671,1138
,66 años,1108,674,434
,67 años,1100,496,604
,68 años,1140,680,460
,69 años,894,464,430
,70 años,1281,710,571
,71 años,666,416,250
,72 años,765,364,401
,73 años,532,224,308
,74 años,666,308,358
,75 años,479,227,252
,76 años,520,258,262
,77 años,515,293,222
,78 años,531,306,225
,79 años,312,81,231
,80 años,299,148,151
,81 años,131,64,67
,82 años,168,93,75
,83 años,181,115,66
,84 años,135,34,101
,85 años,133,24,109
,86 años,133,44,89
,87 años,46,46,0
,88 años,49,11,38
,89 años,129,6,123
,90 años,105,40,65
,91 años,53,22,31
,92 años,15,0,15
,93 años,59,37,22
,94 años,19,4,15
,95 años,40,0,40
,96 años,56,54,2
,97 años,35,1,34
,98 años,3,0,3
,100 años y más,7,7,0
,No especificado,7,0,7
068 Villa Purificación,Total,10704,5557,5147
,0 años,189,102,87
,1 años,183,89,94
,2 años,180,104,76
,3 años,233,136,97
,4 años,210,118,92
,5 años,201,107,94
,6 años,205,93,112
,7 años,191,89,102
,8 años,195,96,99
,9 años,222,113,109
,10 años,189,117,72
,11 años,198,107,91
,12 años,201,122,79
,13 años,186,101,85
,14 años,271,145,126
,15 años,188,101,87
,16 años,193,92,101
,17 años,204,85,119
,18 años,199,92,107
,19 años,175,104,71
,20 años,172,70,102
,21 años,140,57,83
,22 años,177,90,87
,23 años,159,90,69
,24 años,183,98,85
,25 años,178,88,90
,26 años,122,62,60
,27 años,111,51,60
,28 años,148,81,67
,29 años,130,55,75
,30 años,134,79,55
,31 años,122,64,58
,32 años,124,78,46
,33 años,107,56,51
,34 años,94,53,41
,35 años,92,48,44
,36 años,153,75,78
,37 años,115,47,68
,38 años,143,61,82
,39 años,114,54,60
,40 años,137,73,64
,41 años,78,36,42
,42 años,129,65,64
,43 años,118,64,54
,44 años,114,69,45
,45 años,111,56,55
,46 años,106,52,54
,47 años,105,45,60
,48 años,96,58,38
,49 años,88,48,40
,50 años,156,67,89
,51 años,76,39,37
,52 años,119,62,57
,53 años,98,46,52
,54 años,112,55,57
,55 años,111,66,45
,56 años,101,59,42
,57 años,92,52,40
,58 años,74,50,24
,59 años,102,43,59
,60 años,113,56,57
,61 años,60,26,34
,62 años,81,37,44
,63 años,58,30,28
,64 años,75,38,37
,65 años,126,69,57
,66 años,88,44,44
,67 años,90,46,44
,68 años,81,52,29
,69 años,65,38,27
,70 años,84,37,47
,71 años,65,39,26
,72 años,86,50,36
,73 años,62,27,35
,74 años,59,34,25
,75 años,62,39,23
,76 años,64,35,29
,77 años,44,21,23
,78 años,71,38,33
,79 años,45,27,18
,80 años,59,33,26
,81 años,30,16,14
,82 años,19,11,8
,83 años,29,17,12
,84 años,47,28,19
,85 años,28,15,13
,86 años,25,9,16
,87 años,16,9,7
,88 años,24,18,6
,89 años,22,14,8
,90 años,10,2,8
,91 años,7,2,5
,92 años,7,2,5
,93 años,12,5,7
,94 años,10,6,4
,95 años,4,0,4
,96 años,1,1,0
,97 años,7,3,4
,98 años,3,0,3
,100 años y más,10,8,2
,No especificado,1,0,1
069 Quitupan,Total,8379,4017,4362
,0 años,119,60,59
,1 años,149,73,76
,2 años,128,73,55
,3 años,154,88,66
,4 años,135,74,61
,5 años,124,51,73
,6 años,127,70,57
,7 años,139,68,71
,8 años,108,53,55
,9 años,123,64,59
,10 años,167,99,68
,11 años,127,62,65
,12 años,136,68,68
,13 años,125,75,50
,14 años,156,85,71
,15 años,148,66,82
,16 años,154,71,83
,17 años,160,64,96
,18 años,191,87,104
,19 años,132,60,72
,20 años,122,38,84
,21 años,78,43,35
,22 años,140,77,63
,23 años,128,59,69
,24 años,128,69,59
,25 años,122,62,60
,26 años,121,52,69
,27 años,99,34,65
,28 años,103,53,50
,29 años,85,42,43
,30 años,120,44,76
,31 años,87,31,56
,32 años,99,48,51
,33 años,99,51,48
,34 años,101,36,65
,35 años,111,42,69
,36 años,123,55,68
,37 años,97,48,49
,38 años,118,56,62
,39 años,111,63,48
,40 años,123,67,56
,41 años,75,38,37
,42 años,104,57,47
,43 años,93,45,48
,44 años,98,49,49
,45 años,86,43,43
,46 años,60,34,26
,47 años,87,35,52
,48 años,101,47,54
,49 años,72,37,35
,50 años,107,48,59
,51 años,63,25,38
,52 años,87,41,46
,53 años,74,39,35
,54 años,94,35,59
,55 años,75,39,36
,56 años,84,26,58
,57 años,105,44,61
,58 años,89,45,44
,59 años,65,29,36
,60 años,89,49,40
,61 años,59,26,33
,62 años,75,36,39
,63 años,66,24,42
,64 años,81,32,49
,65 años,94,45,49
,66 años,78,33,45
,67 años,72,30,42
,68 años,59,28,31
,69 años,75,34,41
,70 años,73,41,32
,71 años,69,35,34
,72 años,58,29,29
,73 años,64,30,34
,74 años,72,29,43
,75 años,53,27,26
,76 años,42,24,18
,77 años,40,15,25
,78 años,57,23,34
,79 años,34,25,9
,80 años,41,15,26
,81 años,27,17,10
,82 años,27,11,16
,83 años,43,29,14
,84 años,44,24,20
,85 años,26,10,16
,86 años,14,6,8
,87 años,15,6,9
,88 años,23,10,13
,89 años,15,11,4
,90 años,15,8,7
,91 años,7,1,6
,92 años,4,0,4
,93 años,2,1,1
,94 años,6,2,4
,95 años,4,1,3
,96 años,3,2,1
,97 años,7,5,2
,98 años,2,0,2
,99 años,2,2,0
,100 años y más,4,4,0
,No especificado,2,0,2
070 El Salto,Total,183437,91233,92204
,0 años,3866,2041,1825
,1 años,3692,1800,1892
,2 años,4086,1946,2140
,3 años,4220,2174,2046
,4 años,4066,2040,2026
,5 años,4381,2156,2225
,6 años,4253,2078,2175
,7 años,3833,1858,1975
,8 años,4165,2109,2056
,9 años,3672,1817,1855
,10 años,4251,2050,2201
,11 años,4179,2078,2101
,12 años,3900,2007,1893
,13 años,3734,1771,1963
,14 años,4059,2020,2039
,15 años,4049,2167,1882
,16 años,3696,1792,1904
,17 años,3924,2097,1827
,18 años,3548,1902,1646
,19 años,3120,1626,1494
,20 años,3781,1755,2026
,21 años,3091,1581,1510
,22 años,3828,1886,1942
,23 años,3226,1620,1606
,24 años,3157,1573,1584
,25 años,3069,1615,1454
,26 años,2554,1275,1279
,27 años,2581,1361,1220
,28 años,2893,1382,1511
,29 años,2547,1256,1291
,30 años,3438,1544,1894
,31 años,2419,1225,1194
,32 años,2815,1324,1491
,33 años,2702,1236,1466
,34 años,3099,1514,1585
,35 años,2702,1357,1345
,36 años,2682,1200,1482
,37 años,2946,1347,1599
,38 años,2951,1559,1392
,39 años,2529,1119,1410
,40 años,3063,1541,1522
,41 años,2139,913,1226
,42 años,2779,1380,1399
,43 años,2177,1253,924
,44 años,2075,1170,905
,45 años,2150,1113,1037
,46 años,1509,682,827
,47 años,1718,965,753
,48 años,1899,792,1107
,49 años,1545,775,770
,50 años,2270,1149,1121
,51 años,1117,452,665
,52 años,1914,937,977
,53 años,1515,697,818
,54 años,1334,720,614
,55 años,1457,807,650
,56 años,1314,661,653
,57 años,951,510,441
,58 años,1028,537,491
,59 años,795,292,503
,60 años,1091,597,494
,61 años,664,379,285
,62 años,727,356,371
,63 años,680,370,310
,64 años,842,330,512
,65 años,775,339,436
,66 años,555,278,277
,67 años,523,303,220
,68 años,381,146,235
,69 años,422,270,152
,70 años,530,344,186
,71 años,185,84,101
,72 años,469,194,275
,73 años,291,147,144
,74 años,288,171,117
,75 años,372,206,166
,76 años,154,110,44
,77 años,301,159,142
,78 años,307,182,125
,79 años,190,107,83
,80 años,238,99,139
,81 años,142,42,100
,82 años,131,52,79
,83 años,72,29,43
,84 años,90,46,44
,85 años,99,33,66
,86 años,74,32,42
,87 años,46,0,46
,88 años,32,23,9
,89 años,40,40,0
,90 años,29,15,14
,91 años,41,27,14
,92 años,16,16,0
,93 años,25,24,1
,94 años,15,11,4
,95 años,20,0,20
,99 años,10,10,0
,100 años y más,9,0,9
,No especificado,108,58,50
071 San Cristóbal de la Barranca,Total,3117,1559,1558
,0 años,55,30,25
,1 años,74,40,34
,2 años,57,31,26
,3 años,74,36,38
,4 años,60,27,33
,5 años,60,37,23
,6 años,42,21,21
,7 años,59,28,31
,8 años,56,26,30
,9 años,50,31,19
,10 años,49,29,20
,11 años,59,30,29
,12 años,56,28,28
,13 años,57,33,24
,14 años,66,33,33
,15 años,53,32,21
,16 años,73,32,41
,17 años,48,18,30
,18 años,57,33,24
,19 años,49,24,25
,20 años,56,33,23
,21 años,51,19,32
,22 años,52,25,27
,23 años,46,23,23
,24 años,41,17,24
,25 años,40,18,22
,26 años,56,27,29
,27 años,47,26,21
,28 años,46,19,27
,29 años,45,25,20
,30 años,37,20,17
,31 años,29,13,16
,32 años,41,20,21
,33 años,37,14,23
,34 años,29,14,15
,35 años,33,13,20
,36 años,41,19,22
,37 años,28,15,13
,38 años,47,18,29
,39 años,33,18,15
,40 años,40,22,18
,41 años,38,23,15
,42 años,39,20,19
,43 años,39,23,16
,44 años,31,16,15
,45 años,40,19,21
,46 años,31,11,20
,47 años,35,17,18
,48 años,32,11,21
,49 años,28,16,12
,50 años,36,18,18
,51 años,26,12,14
,52 años,41,16,25
,53 años,29,15,14
,54 años,31,15,16
,55 años,43,21,22
,56 años,19,8,11
,57 años,30,18,12
,58 años,25,13,12
,59 años,27,14,13
,60 años,18,7,11
,61 años,21,11,10
,62 años,18,9,9
,63 años,25,12,13
,64 años,24,15,9
,65 años,33,13,20
,66 años,23,12,11
,67 años,24,11,13
,68 años,28,15,13
,69 años,16,7,9
,70 años,10,6,4
,71 años,12,4,8
,72 años,20,11,9
,73 años,19,9,10
,74 años,24,12,12
,75 años,11,6,5
,76 años,12,6,6
,77 años,6,5,1
,78 años,19,7,12
,79 años,12,5,7
,80 años,15,6,9
,81 años,10,5,5
,82 años,17,11,6
,83 años,10,6,4
,84 años,3,3,0
,85 años,7,5,2
,86 años,4,3,1
,87 años,5,4,1
,88 años,5,3,2
,89 años,1,0,1
,90 años,3,2,1
,91 años,1,1,0
,92 años,3,2,1
,93 años,2,0,2
,94 años,3,0,3
,95 años,1,1,0
,96 años,1,0,1
,No especificado,2,1,1
072 San Diego de Alejandría,Total,7349,3539,3810
,0 años,155,81,74
,1 años,144,70,74
,2 años,168,94,74
,3 años,138,66,72
,4 años,145,66,79
,5 años,161,68,93
,6 años,148,61,87
,7 años,174,84,90
,8 años,145,66,79
,9 años,154,79,75
,10 años,174,98,76
,11 años,151,61,90
,12 años,178,98,80
,13 años,137,62,75
,14 años,172,82,90
,15 años,175,92,83
,16 años,117,54,63
,17 años,122,61,61
,18 años,157,88,69
,19 años,113,53,60
,20 años,117,56,61
,21 años,121,55,66
,22 años,123,60,63
,23 años,155,81,74
,24 años,130,58,72
,25 años,101,46,55
,26 años,86,44,42
,27 años,97,41,56
,28 años,114,68,46
,29 años,93,42,51
,30 años,106,57,49
,31 años,100,33,67
,32 años,131,58,73
,33 años,113,55,58
,34 años,128,63,65
,35 años,113,44,69
,36 años,99,36,63
,37 años,106,56,50
,38 años,98,36,62
,39 años,75,48,27
,40 años,122,66,56
,41 años,78,35,43
,42 años,108,51,57
,43 años,79,45,34
,44 años,78,43,35
,45 años,70,34,36
,46 años,66,35,31
,47 años,61,35,26
,48 años,59,29,30
,49 años,49,19,30
,50 años,63,22,41
,51 años,41,23,18
,52 años,58,28,30
,53 años,69,28,41
,54 años,44,25,19
,55 años,49,19,30
,56 años,49,23,26
,57 años,39,13,26
,58 años,56,24,32
,59 años,41,15,26
,60 años,63,29,34
,61 años,35,22,13
,62 años,59,31,28
,63 años,33,12,21
,64 años,46,25,21
,65 años,63,29,34
,66 años,35,15,20
,67 años,38,20,18
,68 años,40,12,28
,69 años,33,18,15
,70 años,35,23,12
,71 años,18,8,10
,72 años,35,15,20
,73 años,22,6,16
,74 años,29,15,14
,75 años,24,7,17
,76 años,31,18,13
,77 años,20,9,11
,78 años,18,9,9
,79 años,8,4,4
,80 años,18,8,10
,81 años,11,8,3
,82 años,13,6,7
,83 años,17,4,13
,84 años,12,8,4
,85 años,13,8,5
,86 años,9,3,6
,87 años,6,1,5
,88 años,8,7,1
,89 años,8,6,2
,90 años,5,3,2
,91 años,2,0,2
,92 años,5,4,1
,93 años,7,3,4
,94 años,9,5,4
,95 años,1,1,0
,96 años,4,1,3
,100 años y más,3,3,0
073 San Juan de los Lagos,Total,69725,34533,35192
,0 años,1469,748,721
,1 años,1319,610,709
,2 años,1393,734,659
,3 años,1492,751,741
,4 años,1383,752,631
,5 años,1291,672,619
,6 años,1329,606,723
,7 años,1595,824,771
,8 años,1369,693,676
,9 años,1550,830,720
,10 años,1454,760,694
,11 años,1472,736,736
,12 años,1230,563,667
,13 años,1437,742,695
,14 años,1543,816,727
,15 años,1473,785,688
,16 años,1443,729,714
,17 años,1224,644,580
,18 años,1322,690,632
,19 años,1215,587,628
,20 años,1337,664,673
,21 años,1225,687,538
,22 años,1247,667,580
,23 años,1439,681,758
,24 años,1189,561,628
,25 años,1198,591,607
,26 años,1069,488,581
,27 años,1017,463,554
,28 años,1263,632,631
,29 años,1001,457,544
,30 años,1368,610,758
,31 años,937,442,495
,32 años,1148,596,552
,33 años,932,462,470
,34 años,949,474,475
,35 años,1108,586,522
,36 años,977,480,497
,37 años,889,447,442
,38 años,927,434,493
,39 años,903,422,481
,40 años,913,363,550
,41 años,776,383,393
,42 años,1052,502,550
,43 años,968,470,498
,44 años,860,441,419
,45 años,724,338,386
,46 años,700,357,343
,47 años,666,340,326
,48 años,769,382,387
,49 años,626,326,300
,50 años,754,373,381
,51 años,446,252,194
,52 años,703,353,350
,53 años,516,198,318
,54 años,509,244,265
,55 años,583,256,327
,56 años,501,235,266
,57 años,484,244,240
,58 años,473,236,237
,59 años,427,148,279
,60 años,538,282,256
,61 años,322,158,164
,62 años,422,212,210
,63 años,362,159,203
,64 años,394,175,219
,65 años,419,214,205
,66 años,292,110,182
,67 años,330,186,144
,68 años,271,117,154
,69 años,229,118,111
,70 años,291,128,163
,71 años,198,94,104
,72 años,247,146,101
,73 años,174,72,102
,74 años,199,111,88
,75 años,139,87,52
,76 años,114,44,70
,77 años,117,60,57
,78 años,159,85,74
,79 años,108,49,59
,80 años,151,77,74
,81 años,68,33,35
,82 años,76,33,43
,83 años,68,20,48
,84 años,79,28,51
,85 años,49,30,19
,86 años,52,27,25
,87 años,25,11,14
,88 años,10,0,10
,89 años,26,19,7
,90 años,54,10,44
,91 años,15,0,15
,92 años,41,14,27
,93 años,9,0,9
,94 años,25,15,10
,95 años,24,14,10
,96 años,4,0,4
,97 años,9,9,0
,98 años,14,9,5
,100 años y más,15,10,5
,No especificado,10,10,0
074 San Julián,Total,15890,7518,8372
,0 años,301,146,155
,1 años,310,153,157
,2 años,339,162,177
,3 años,324,150,174
,4 años,327,142,185
,5 años,271,136,135
,6 años,275,153,122
,7 años,282,146,136
,8 años,315,139,176
,9 años,303,166,137
,10 años,271,147,124
,11 años,293,153,140
,12 años,243,122,121
,13 años,295,132,163
,14 años,320,154,166
,15 años,285,126,159
,16 años,312,161,151
,17 años,231,112,119
,18 años,255,121,134
,19 años,253,127,126
,20 años,268,122,146
,21 años,255,121,134
,22 años,253,102,151
,23 años,271,111,160
,24 años,274,126,148
,25 años,313,140,173
,26 años,251,115,136
,27 años,260,116,144
,28 años,268,140,128
,29 años,225,105,120
,30 años,274,110,164
,31 años,249,118,131
,32 años,272,139,133
,33 años,236,101,135
,34 años,206,90,116
,35 años,210,95,115
,36 años,191,92,99
,37 años,192,87,105
,38 años,238,123,115
,39 años,197,102,95
,40 años,241,112,129
,41 años,185,85,100
,42 años,241,107,134
,43 años,188,89,99
,44 años,189,90,99
,45 años,188,96,92
,46 años,168,82,86
,47 años,148,62,86
,48 años,164,79,85
,49 años,180,68,112
,50 años,185,79,106
,51 años,96,49,47
,52 años,185,71,114
,53 años,158,78,80
,54 años,157,59,98
,55 años,146,75,71
,56 años,136,57,79
,57 años,101,62,39
,58 años,129,60,69
,59 años,111,63,48
,60 años,151,54,97
,61 años,93,37,56
,62 años,102,44,58
,63 años,122,67,55
,64 años,96,51,45
,65 años,124,61,63
,66 años,77,35,42
,67 años,98,61,37
,68 años,91,43,48
,69 años,76,38,38
,70 años,94,45,49
,71 años,35,23,12
,72 años,82,34,48
,73 años,68,33,35
,74 años,71,36,35
,75 años,69,27,42
,76 años,40,18,22
,77 años,41,18,23
,78 años,31,13,18
,79 años,32,14,18
,80 años,32,18,14
,81 años,9,5,4
,82 años,33,15,18
,83 años,47,24,23
,84 años,27,8,19
,85 años,29,10,19
,86 años,16,6,10
,87 años,18,8,10
,88 años,15,9,6
,89 años,10,6,4
,90 años,6,0,6
,91 años,4,4,0
,93 años,4,2,2
,94 años,8,4,4
,95 años,6,6,0
,96 años,6,6,0
,97 años,2,2,0
,98 años,4,0,4
,99 años,6,4,2
,100 años y más,7,3,4
,No especificado,4,0,4
075 San Marcos,Total,3783,1882,1901
,0 años,67,39,28
,1 años,74,40,34
,2 años,71,34,37
,3 años,71,30,41
,4 años,71,39,32
,5 años,63,34,29
,6 años,67,34,33
,7 años,68,31,37
,8 años,83,45,38
,9 años,61,36,25
,10 años,80,40,40
,11 años,83,43,40
,12 años,81,48,33
,13 años,87,40,47
,14 años,80,35,45
,15 años,79,46,33
,16 años,71,41,30
,17 años,88,46,42
,18 años,71,25,46
,19 años,60,29,31
,20 años,62,32,30
,21 años,59,33,26
,22 años,56,28,28
,23 años,49,16,33
,24 años,45,21,24
,25 años,42,24,18
,26 años,60,26,34
,27 años,44,21,23
,28 años,48,21,27
,29 años,50,30,20
,30 años,57,25,32
,31 años,39,15,24
,32 años,45,24,21
,33 años,28,16,12
,34 años,42,21,21
,35 años,48,14,34
,36 años,44,21,23
,37 años,48,26,22
,38 años,77,35,42
,39 años,50,28,22
,40 años,64,25,39
,41 años,37,20,17
,42 años,57,36,21
,43 años,30,12,18
,44 años,48,19,29
,45 años,35,16,19
,46 años,36,18,18
,47 años,41,18,23
,48 años,39,20,19
,49 años,38,15,23
,50 años,51,30,21
,51 años,35,14,21
,52 años,42,19,23
,53 años,38,13,25
,54 años,32,15,17
,55 años,30,11,19
,56 años,37,18,19
,57 años,18,8,10
,58 años,41,26,15
,59 años,27,9,18
,60 años,24,10,14
,61 años,28,14,14
,62 años,24,16,8
,63 años,29,14,15
,64 años,27,15,12
,65 años,34,20,14
,66 años,22,12,10
,67 años,22,12,10
,68 años,14,4,10
,69 años,20,8,12
,70 años,27,17,10
,71 años,12,7,5
,72 años,29,11,18
,73 años,22,10,12
,74 años,22,13,9
,75 años,10,8,2
,76 años,13,7,6
,77 años,12,10,2
,78 años,20,13,7
,79 años,9,3,6
,80 años,16,6,10
,81 años,13,8,5
,82 años,9,7,2
,83 años,13,10,3
,84 años,12,5,7
,85 años,9,5,4
,86 años,6,1,5
,87 años,6,5,1
,88 años,9,4,5
,89 años,7,4,3
,90 años,3,1,2
,91 años,2,2,0
,92 años,1,0,1
,93 años,2,0,2
,94 años,2,2,0
,95 años,4,2,2
,97 años,1,0,1
,98 años,2,2,0
,No especificado,1,0,1
076 San Martín de Bolaños,Total,3122,1548,1574
,0 años,69,26,43
,1 años,69,28,41
,2 años,72,44,28
,3 años,61,30,31
,4 años,65,34,31
,5 años,59,25,34
,6 años,48,18,30
,7 años,67,29,38
,8 años,48,34,14
,9 años,53,32,21
,10 años,64,35,29
,11 años,62,35,27
,12 años,48,20,28
,13 años,60,31,29
,14 años,55,22,33
,15 años,58,32,26
,16 años,59,33,26
,17 años,67,29,38
,18 años,68,37,31
,19 años,39,22,17
,20 años,63,27,36
,21 años,61,27,34
,22 años,55,32,23
,23 años,54,30,24
,24 años,68,35,33
,25 años,51,19,32
,26 años,49,32,17
,27 años,49,24,25
,28 años,46,21,25
,29 años,38,14,24
,30 años,51,28,23
,31 años,22,7,15
,32 años,40,17,23
,33 años,37,16,21
,34 años,33,17,16
,35 años,34,18,16
,36 años,41,21,20
,37 años,31,15,16
,38 años,31,17,14
,39 años,30,14,16
,40 años,33,16,17
,41 años,37,20,17
,42 años,44,23,21
,43 años,30,17,13
,44 años,29,14,15
,45 años,44,21,23
,46 años,30,16,14
,47 años,38,17,21
,48 años,37,26,11
,49 años,31,19,12
,50 años,28,18,10
,51 años,17,10,7
,52 años,25,15,10
,53 años,21,11,10
,54 años,25,12,13
,55 años,23,8,15
,56 años,25,10,15
,57 años,19,11,8
,58 años,25,11,14
,59 años,17,9,8
,60 años,34,21,13
,61 años,18,7,11
,62 años,21,7,14
,63 años,15,6,9
,64 años,28,10,18
,65 años,22,11,11
,66 años,20,8,12
,67 años,17,10,7
,68 años,16,8,8
,69 años,14,5,9
,70 años,25,13,12
,71 años,19,10,9
,72 años,19,11,8
,73 años,20,13,7
,74 años,13,5,8
,75 años,22,7,15
,76 años,14,6,8
,77 años,11,5,6
,78 años,13,7,6
,79 años,6,5,1
,80 años,19,9,10
,81 años,8,6,2
,82 años,8,3,5
,83 años,9,4,5
,84 años,9,2,7
,85 años,4,0,4
,86 años,5,2,3
,87 años,7,2,5
,88 años,4,3,1
,89 años,5,2,3
,90 años,5,2,3
,91 años,5,1,4
,92 años,2,0,2
,93 años,5,1,4
,94 años,2,1,1
,95 años,1,1,0
,96 años,1,0,1
,100 años y más,2,2,0
,No especificado,1,1,0
077 San Martín Hidalgo,Total,27777,13554,14223
,0 años,499,247,252
,1 años,460,254,206
,2 años,498,221,277
,3 años,523,268,255
,4 años,544,278,266
,5 años,535,243,292
,6 años,528,265,263
,7 años,416,214,202
,8 años,493,258,235
,9 años,467,235,232
,10 años,577,272,305
,11 años,470,262,208
,12 años,539,238,301
,13 años,478,246,232
,14 años,516,257,259
,15 años,460,242,218
,16 años,476,238,238
,17 años,441,233,208
,18 años,516,259,257
,19 años,398,198,200
,20 años,442,207,235
,21 años,433,227,206
,22 años,429,215,214
,23 años,397,167,230
,24 años,393,189,204
,25 años,367,179,188
,26 años,373,170,203
,27 años,350,167,183
,28 años,345,186,159
,29 años,391,176,215
,30 años,392,186,206
,31 años,303,143,160
,32 años,364,173,191
,33 años,320,163,157
,34 años,400,177,223
,35 años,327,151,176
,36 años,404,175,229
,37 años,382,164,218
,38 años,368,185,183
,39 años,398,185,213
,40 años,427,222,205
,41 años,293,166,127
,42 años,466,217,249
,43 años,281,151,130
,44 años,300,170,130
,45 años,295,154,141
,46 años,281,150,131
,47 años,252,100,152
,48 años,270,128,142
,49 años,273,109,164
,50 años,329,154,175
,51 años,235,128,107
,52 años,293,130,163
,53 años,244,108,136
,54 años,252,109,143
,55 años,298,150,148
,56 años,241,112,129
,57 años,245,105,140
,58 años,284,142,142
,59 años,219,107,112
,60 años,294,119,175
,61 años,151,68,83
,62 años,239,116,123
,63 años,202,94,108
,64 años,243,116,127
,65 años,235,126,109
,66 años,184,94,90
,67 años,185,100,85
,68 años,205,116,89
,69 años,167,78,89
,70 años,214,98,116
,71 años,121,64,57
,72 años,177,94,83
,73 años,200,102,98
,74 años,190,95,95
,75 años,153,94,59
,76 años,149,64,85
,77 años,139,91,48
,78 años,141,63,78
,79 años,77,31,46
,80 años,105,57,48
,81 años,71,16,55
,82 años,83,42,41
,83 años,88,37,51
,84 años,80,37,43
,85 años,101,43,58
,86 años,63,30,33
,87 años,47,26,21
,88 años,42,24,18
,89 años,21,13,8
,90 años,50,17,33
,91 años,20,11,9
,92 años,46,15,31
,93 años,17,6,11
,94 años,23,8,15
,95 años,17,0,17
,96 años,11,5,6
,97 años,6,3,3
,98 años,11,6,5
,99 años,5,2,3
,No especificado,14,8,6
078 San Miguel el Alto,Total,32960,16093,16867
,0 años,562,290,272
,1 años,532,290,242
,2 años,635,345,290
,3 años,650,363,287
,4 años,661,366,295
,5 años,627,311,316
,6 años,656,316,340
,7 años,641,303,338
,8 años,563,283,280
,9 años,612,329,283
,10 años,597,346,251
,11 años,697,362,335
,12 años,622,319,303
,13 años,685,331,354
,14 años,669,330,339
,15 años,710,371,339
,16 años,605,304,301
,17 años,677,331,346
,18 años,630,338,292
,19 años,578,297,281
,20 años,565,279,286
,21 años,542,231,311
,22 años,653,297,356
,23 años,537,261,276
,24 años,584,296,288
,25 años,572,250,322
,26 años,513,222,291
,27 años,537,247,290
,28 años,480,223,257
,29 años,507,260,247
,30 años,519,206,313
,31 años,449,226,223
,32 años,506,259,247
,33 años,485,206,279
,34 años,373,197,176
,35 años,433,222,211
,36 años,401,185,216
,37 años,394,192,202
,38 años,400,186,214
,39 años,354,136,218
,40 años,406,203,203
,41 años,344,160,184
,42 años,405,238,167
,43 años,343,160,183
,44 años,376,155,221
,45 años,437,174,263
,46 años,362,198,164
,47 años,324,162,162
,48 años,332,155,177
,49 años,294,121,173
,50 años,396,172,224
,51 años,222,142,80
,52 años,372,148,224
,53 años,379,181,198
,54 años,318,133,185
,55 años,325,149,176
,56 años,258,109,149
,57 años,278,143,135
,58 años,279,149,130
,59 años,244,109,135
,60 años,231,116,115
,61 años,145,63,82
,62 años,256,125,131
,63 años,208,78,130
,64 años,231,95,136
,65 años,275,134,141
,66 años,160,82,78
,67 años,185,98,87
,68 años,167,77,90
,69 años,156,74,82
,70 años,208,91,117
,71 años,114,60,54
,72 años,182,94,88
,73 años,115,68,47
,74 años,156,77,79
,75 años,107,40,67
,76 años,135,73,62
,77 años,90,51,39
,78 años,84,39,45
,79 años,57,29,28
,80 años,111,49,62
,81 años,69,33,36
,82 años,47,17,30
,83 años,69,32,37
,84 años,47,12,35
,85 años,43,33,10
,86 años,37,22,15
,87 años,43,15,28
,88 años,12,9,3
,89 años,30,6,24
,90 años,14,11,3
,91 años,6,0,6
,92 años,6,3,3
,93 años,20,8,12
,97 años,9,9,0
,99 años,3,0,3
,No especificado,25,3,22
079 Gómez Farías,Total,14278,6810,7468
,0 años,233,125,108
,1 años,253,139,114
,2 años,303,147,156
,3 años,287,119,168
,4 años,302,153,149
,5 años,259,133,126
,6 años,293,151,142
,7 años,283,149,134
,8 años,282,146,136
,9 años,237,116,121
,10 años,250,119,131
,11 años,314,156,158
,12 años,270,103,167
,13 años,246,127,119
,14 años,286,140,146
,15 años,295,143,152
,16 años,247,112,135
,17 años,201,96,105
,18 años,248,144,104
,19 años,227,107,120
,20 años,258,127,131
,21 años,242,109,133
,22 años,301,158,143
,23 años,288,119,169
,24 años,282,128,154
,25 años,290,119,171
,26 años,257,121,136
,27 años,230,93,137
,28 años,249,139,110
,29 años,201,80,121
,30 años,214,118,96
,31 años,198,80,118
,32 años,244,122,122
,33 años,189,86,103
,34 años,209,100,109
,35 años,214,102,112
,36 años,200,95,105
,37 años,201,100,101
,38 años,236,118,118
,39 años,169,76,93
,40 años,200,94,106
,41 años,155,72,83
,42 años,182,78,104
,43 años,192,101,91
,44 años,169,75,94
,45 años,163,68,95
,46 años,133,60,73
,47 años,121,54,67
,48 años,126,60,66
,49 años,128,66,62
,50 años,155,76,79
,51 años,114,54,60
,52 años,115,53,62
,53 años,118,56,62
,54 años,124,58,66
,55 años,120,49,71
,56 años,87,46,41
,57 años,100,52,48
,58 años,111,46,65
,59 años,108,54,54
,60 años,117,43,74
,61 años,72,37,35
,62 años,82,44,38
,63 años,81,31,50
,64 años,97,55,42
,65 años,103,39,64
,66 años,71,31,40
,67 años,76,39,37
,68 años,56,31,25
,69 años,60,27,33
,70 años,66,31,35
,71 años,46,20,26
,72 años,55,21,34
,73 años,68,40,28
,74 años,55,27,28
,75 años,38,13,25
,76 años,42,18,24
,77 años,38,19,19
,78 años,46,25,21
,79 años,24,15,9
,80 años,29,9,20
,81 años,18,6,12
,82 años,25,12,13
,83 años,8,5,3
,84 años,29,10,19
,85 años,32,14,18
,86 años,24,12,12
,87 años,21,10,11
,88 años,12,6,6
,89 años,19,8,11
,90 años,15,7,8
,91 años,7,3,4
,92 años,12,4,8
,93 años,5,4,1
,94 años,5,0,5
,95 años,6,0,6
,96 años,5,5,0
,99 años,2,2,0
,100 años y más,2,0,2
080 San Sebastían del Oeste,Total,5643,2952,2691
,0 años,70,37,33
,1 años,77,39,38
,2 años,94,33,61
,3 años,82,41,41
,4 años,112,48,64
,5 años,95,47,48
,6 años,92,47,45
,7 años,87,33,54
,8 años,91,45,46
,9 años,92,46,46
,10 años,101,43,58
,11 años,88,46,42
,12 años,107,54,53
,13 años,112,73,39
,14 años,85,54,31
,15 años,98,54,44
,16 años,86,43,43
,17 años,93,56,37
,18 años,114,67,47
,19 años,63,35,28
,20 años,71,38,33
,21 años,89,56,33
,22 años,98,51,47
,23 años,63,34,29
,24 años,90,49,41
,25 años,77,36,41
,26 años,110,61,49
,27 años,81,34,47
,28 años,41,17,24
,29 años,67,40,27
,30 años,54,30,24
,31 años,58,30,28
,32 años,75,30,45
,33 años,62,32,30
,34 años,63,39,24
,35 años,50,30,20
,36 años,68,26,42
,37 años,60,28,32
,38 años,55,37,18
,39 años,72,40,32
,40 años,53,26,27
,41 años,57,33,24
,42 años,89,48,41
,43 años,72,33,39
,44 años,80,41,39
,45 años,68,35,33
,46 años,70,36,34
,47 años,65,35,30
,48 años,72,37,35
,49 años,84,44,40
,50 años,92,47,45
,51 años,44,24,20
,52 años,56,34,22
,53 años,84,42,42
,54 años,58,27,31
,55 años,66,30,36
,56 años,65,36,29
,57 años,62,42,20
,58 años,41,22,19
,59 años,54,22,32
,60 años,43,23,20
,61 años,46,15,31
,62 años,49,28,21
,63 años,37,20,17
,64 años,43,22,21
,65 años,57,34,23
,66 años,43,27,16
,67 años,43,19,24
,68 años,52,32,20
,69 años,40,25,15
,70 años,48,21,27
,71 años,40,20,20
,72 años,60,28,32
,73 años,30,17,13
,74 años,39,23,16
,75 años,43,24,19
,76 años,37,21,16
,77 años,27,12,15
,78 años,40,24,16
,79 años,42,26,16
,80 años,30,12,18
,81 años,9,3,6
,82 años,23,14,9
,83 años,19,10,9
,84 años,14,6,8
,85 años,12,7,5
,86 años,15,12,3
,87 años,9,7,2
,88 años,14,11,3
,89 años,9,2,7
,90 años,10,7,3
,91 años,8,8,0
,92 años,10,6,4
,93 años,7,2,5
,94 años,6,5,1
,95 años,4,1,3
,96 años,4,4,0
,97 años,2,1,1
,98 años,1,0,1
,99 años,2,0,2
,100 años y más,1,0,1
081 Santa María de los Ángeles,Total,3033,1451,1582
,0 años,49,27,22
,1 años,45,19,26
,2 años,56,26,30
,3 años,52,22,30
,4 años,46,28,18
,5 años,40,20,20
,6 años,57,32,25
,7 años,53,27,26
,8 años,48,25,23
,9 años,50,25,25
,10 años,54,27,27
,11 años,44,26,18
,12 años,59,27,32
,13 años,55,19,36
,14 años,52,25,27
,15 años,60,29,31
,16 años,62,25,37
,17 años,60,38,22
,18 años,55,27,28
,19 años,41,20,21
,20 años,56,32,24
,21 años,43,26,17
,22 años,46,21,25
,23 años,41,23,18
,24 años,41,17,24
,25 años,27,11,16
,26 años,31,9,22
,27 años,31,12,19
,28 años,31,19,12
,29 años,28,14,14
,30 años,39,13,26
,31 años,22,11,11
,32 años,42,17,25
,33 años,27,11,16
,34 años,34,17,17
,35 años,23,6,17
,36 años,32,11,21
,37 años,37,14,23
,38 años,46,20,26
,39 años,38,18,20
,40 años,43,17,26
,41 años,34,17,17
,42 años,44,30,14
,43 años,37,22,15
,44 años,35,17,18
,45 años,38,17,21
,46 años,37,16,21
,47 años,17,8,9
,48 años,29,11,18
,49 años,29,16,13
,50 años,41,21,20
,51 años,21,6,15
,52 años,35,17,18
,53 años,28,17,11
,54 años,39,23,16
,55 años,27,8,19
,56 años,23,10,13
,57 años,22,10,12
,58 años,31,12,19
,59 años,22,9,13
,60 años,30,18,12
,61 años,14,7,7
,62 años,24,10,14
,63 años,27,11,16
,64 años,17,10,7
,65 años,31,14,17
,66 años,23,9,14
,67 años,31,14,17
,68 años,23,11,12
,69 años,12,5,7
,70 años,20,9,11
,71 años,29,11,18
,72 años,26,14,12
,73 años,35,16,19
,74 años,34,17,17
,75 años,29,10,19
,76 años,23,17,6
,77 años,15,8,7
,78 años,20,11,9
,79 años,17,7,10
,80 años,24,14,10
,81 años,11,4,7
,82 años,14,6,8
,83 años,24,10,14
,84 años,7,5,2
,85 años,16,8,8
,86 años,8,5,3
,87 años,10,8,2
,88 años,11,6,5
,89 años,8,2,6
,90 años,9,1,8
,91 años,5,3,2
,92 años,3,1,2
,93 años,4,3,1
,94 años,2,1,1
,95 años,3,1,2
,96 años,4,2,2
,97 años,2,1,1
,98 años,1,0,1
,99 años,1,0,1
,100 años y más,1,1,0
082 Sayula,Total,36778,17606,19172
,0 años,837,384,453
,1 años,656,377,279
,2 años,730,335,395
,3 años,626,312,314
,4 años,842,372,470
,5 años,803,401,402
,6 años,703,345,358
,7 años,785,370,415
,8 años,775,358,417
,9 años,658,345,313
,10 años,749,382,367
,11 años,637,357,280
,12 años,673,366,307
,13 años,667,333,334
,14 años,738,360,378
,15 años,707,369,338
,16 años,643,325,318
,17 años,752,389,363
,18 años,638,327,311
,19 años,584,256,328
,20 años,605,280,325
,21 años,535,247,288
,22 años,545,287,258
,23 años,615,260,355
,24 años,571,275,296
,25 años,555,259,296
,26 años,549,269,280
,27 años,569,268,301
,28 años,538,247,291
,29 años,554,258,296
,30 años,577,297,280
,31 años,491,228,263
,32 años,601,287,314
,33 años,562,282,280
,34 años,553,248,305
,35 años,560,235,325
,36 años,526,238,288
,37 años,402,148,254
,38 años,542,242,300
,39 años,528,247,281
,40 años,548,249,299
,41 años,446,228,218
,42 años,567,238,329
,43 años,502,250,252
,44 años,487,241,246
,45 años,427,231,196
,46 años,407,208,199
,47 años,332,142,190
,48 años,364,181,183
,49 años,383,169,214
,50 años,410,174,236
,51 años,257,138,119
,52 años,362,196,166
,53 años,271,126,145
,54 años,364,166,198
,55 años,317,137,180
,56 años,356,150,206
,57 años,281,126,155
,58 años,295,113,182
,59 años,219,90,129
,60 años,315,147,168
,61 años,176,73,103
,62 años,235,109,126
,63 años,198,98,100
,64 años,247,121,126
,65 años,267,141,126
,66 años,124,72,52
,67 años,192,105,87
,68 años,187,100,87
,69 años,90,30,60
,70 años,208,106,102
,71 años,130,59,71
,72 años,155,74,81
,73 años,160,71,89
,74 años,133,65,68
,75 años,122,63,59
,76 años,112,52,60
,77 años,98,29,69
,78 años,76,27,49
,79 años,71,37,34
,80 años,102,52,50
,81 años,79,30,49
,82 años,55,31,24
,83 años,69,30,39
,84 años,40,17,23
,85 años,68,34,34
,86 años,42,16,26
,87 años,47,22,25
,88 años,31,15,16
,89 años,49,24,25
,90 años,36,9,27
,91 años,21,3,18
,92 años,11,5,6
,93 años,16,9,7
,94 años,7,0,7
,95 años,3,3,0
,96 años,13,6,7
,97 años,7,0,7
,98 años,4,0,4
,100 años y más,6,3,3
083 Tala,Total,80365,39532,40833
,0 años,1360,697,663
,1 años,1343,761,582
,2 años,1500,750,750
,3 años,1639,801,838
,4 años,1569,916,653
,5 años,1781,884,897
,6 años,1731,853,878
,7 años,1814,910,904
,8 años,1651,779,872
,9 años,1717,869,848
,10 años,1775,905,870
,11 años,1702,861,841
,12 años,1645,793,852
,13 años,1753,830,923
,14 años,1800,920,880
,15 años,1601,812,789
,16 años,1472,714,758
,17 años,1547,793,754
,18 años,1532,767,765
,19 años,1361,729,632
,20 años,1363,693,670
,21 años,1234,614,620
,22 años,1190,613,577
,23 años,1281,663,618
,24 años,1420,727,693
,25 años,1351,616,735
,26 años,1135,485,650
,27 años,1241,585,656
,28 años,1166,533,633
,29 años,1214,528,686
,30 años,1456,701,755
,31 años,1267,527,740
,32 años,1201,536,665
,33 años,1330,688,642
,34 años,1221,560,661
,35 años,1060,524,536
,36 años,1197,598,599
,37 años,1102,512,590
,38 años,1260,513,747
,39 años,1097,544,553
,40 años,1229,626,603
,41 años,1089,548,541
,42 años,1439,723,716
,43 años,1096,539,557
,44 años,997,455,542
,45 años,994,473,521
,46 años,815,428,387
,47 años,834,406,428
,48 años,855,487,368
,49 años,707,254,453
,50 años,792,394,398
,51 años,551,232,319
,52 años,681,285,396
,53 años,662,301,361
,54 años,626,341,285
,55 años,646,298,348
,56 años,532,243,289
,57 años,629,326,303
,58 años,536,291,245
,59 años,519,254,265
,60 años,512,309,203
,61 años,358,191,167
,62 años,478,228,250
,63 años,472,234,238
,64 años,348,163,185
,65 años,471,186,285
,66 años,348,145,203
,67 años,311,140,171
,68 años,362,200,162
,69 años,258,144,114
,70 años,393,173,220
,71 años,181,69,112
,72 años,233,120,113
,73 años,259,138,121
,74 años,259,143,116
,75 años,227,133,94
,76 años,161,103,58
,77 años,103,53,50
,78 años,222,109,113
,79 años,98,74,24
,80 años,173,68,105
,81 años,85,38,47
,82 años,174,85,89
,83 años,59,30,29
,84 años,70,22,48
,85 años,79,44,35
,86 años,29,18,11
,87 años,79,22,57
,88 años,44,11,33
,89 años,55,33,22
,90 años,24,24,0
,91 años,23,6,17
,92 años,18,18,0
,93 años,10,10,0
,94 años,23,0,23
,95 años,11,0,11
,96 años,6,6,0
,97 años,11,11,0
,98 años,6,6,0
,100 años y más,6,6,0
,No especificado,18,11,7
084 Talpa de Allende,Total,15126,7615,7511
,0 años,231,108,123
,1 años,260,133,127
,2 años,261,135,126
,3 años,249,120,129
,4 años,277,152,125
,5 años,281,155,126
,6 años,334,179,155
,7 años,284,121,163
,8 años,289,168,121
,9 años,296,150,146
,10 años,263,153,110
,11 años,276,139,137
,12 años,302,133,169
,13 años,302,156,146
,14 años,264,152,112
,15 años,343,164,179
,16 años,279,155,124
,17 años,306,164,142
,18 años,338,189,149
,19 años,231,109,122
,20 años,271,158,113
,21 años,239,140,99
,22 años,257,147,110
,23 años,197,113,84
,24 años,222,117,105
,25 años,244,135,109
,26 años,200,94,106
,27 años,238,112,126
,28 años,256,103,153
,29 años,173,94,79
,30 años,233,109,124
,31 años,153,79,74
,32 años,188,86,102
,33 años,182,79,103
,34 años,179,70,109
,35 años,182,91,91
,36 años,180,87,93
,37 años,154,85,69
,38 años,226,129,97
,39 años,172,77,95
,40 años,233,117,116
,41 años,139,66,73
,42 años,177,74,103
,43 años,171,67,104
,44 años,128,58,70
,45 años,184,75,109
,46 años,115,54,61
,47 años,169,96,73
,48 años,164,76,88
,49 años,173,82,91
,50 años,199,105,94
,51 años,116,56,60
,52 años,160,75,85
,53 años,143,75,68
,54 años,166,92,74
,55 años,136,63,73
,56 años,159,81,78
,57 años,124,54,70
,58 años,97,39,58
,59 años,118,55,63
,60 años,138,69,69
,61 años,63,32,31
,62 años,95,54,41
,63 años,103,46,57
,64 años,121,67,54
,65 años,152,76,76
,66 años,95,46,49
,67 años,89,50,39
,68 años,93,39,54
,69 años,65,37,28
,70 años,118,62,56
,71 años,62,28,34
,72 años,108,50,58
,73 años,114,55,59
,74 años,47,24,23
,75 años,85,41,44
,76 años,70,40,30
,77 años,52,23,29
,78 años,91,47,44
,79 años,46,16,30
,80 años,58,18,40
,81 años,25,13,12
,82 años,44,24,20
,83 años,52,23,29
,84 años,48,24,24
,85 años,22,14,8
,86 años,22,14,8
,87 años,22,14,8
,88 años,23,17,6
,89 años,20,12,8
,90 años,26,14,12
,91 años,9,7,2
,92 años,10,4,6
,93 años,16,4,12
,94 años,14,2,12
,95 años,10,6,4
,96 años,8,0,8
,97 años,2,0,2
,No especificado,5,3,2
085 Tamazula de Gordiano,Total,38396,18692,19704
,0 años,581,288,293
,1 años,711,356,355
,2 años,652,343,309
,3 años,630,299,331
,4 años,730,431,299
,5 años,673,308,365
,6 años,702,344,358
,7 años,599,299,300
,8 años,566,293,273
,9 años,571,313,258
,10 años,680,299,381
,11 años,762,350,412
,12 años,641,285,356
,13 años,644,378,266
,14 años,790,387,403
,15 años,647,380,267
,16 años,594,316,278
,17 años,708,379,329
,18 años,652,366,286
,19 años,672,333,339
,20 años,597,322,275
,21 años,521,262,259
,22 años,672,313,359
,23 años,645,347,298
,24 años,523,237,286
,25 años,593,285,308
,26 años,575,262,313
,27 años,606,284,322
,28 años,558,239,319
,29 años,446,254,192
,30 años,664,340,324
,31 años,418,187,231
,32 años,532,280,252
,33 años,479,217,262
,34 años,503,218,285
,35 años,491,226,265
,36 años,441,173,268
,37 años,460,193,267
,38 años,498,254,244
,39 años,533,263,270
,40 años,583,290,293
,41 años,395,165,230
,42 años,548,270,278
,43 años,500,257,243
,44 años,493,265,228
,45 años,492,267,225
,46 años,420,173,247
,47 años,370,167,203
,48 años,460,159,301
,49 años,339,172,167
,50 años,448,200,248
,51 años,335,166,169
,52 años,515,240,275
,53 años,349,171,178
,54 años,454,261,193
,55 años,338,160,178
,56 años,393,158,235
,57 años,356,167,189
,58 años,342,168,174
,59 años,286,106,180
,60 años,397,187,210
,61 años,225,108,117
,62 años,331,142,189
,63 años,342,187,155
,64 años,330,136,194
,65 años,434,179,255
,66 años,296,151,145
,67 años,226,105,121
,68 años,208,115,93
,69 años,216,100,116
,70 años,252,142,110
,71 años,241,119,122
,72 años,232,119,113
,73 años,222,130,92
,74 años,228,132,96
,75 años,195,83,112
,76 años,207,98,109
,77 años,120,43,77
,78 años,193,68,125
,79 años,129,58,71
,80 años,111,40,71
,81 años,88,56,32
,82 años,83,19,64
,83 años,135,31,104
,84 años,88,46,42
,85 años,90,42,48
,86 años,71,35,36
,87 años,28,6,22
,88 años,57,30,27
,89 años,34,8,26
,90 años,55,22,33
,91 años,20,9,11
,92 años,20,0,20
,93 años,41,22,19
,94 años,20,12,8
,95 años,18,8,10
,96 años,13,8,5
,97 años,3,0,3
,98 años,3,3,0
,99 años,7,0,7
,100 años y más,11,8,3
086 Tapalpa,Total,19506,9489,10017
,0 años,416,218,198
,1 años,440,230,210
,2 años,466,283,183
,3 años,506,254,252
,4 años,489,242,247
,5 años,400,208,192
,6 años,492,276,216
,7 años,404,207,197
,8 años,405,187,218
,9 años,447,242,205
,10 años,421,206,215
,11 años,458,211,247
,12 años,416,205,211
,13 años,375,199,176
,14 años,356,210,146
,15 años,439,226,213
,16 años,340,143,197
,17 años,365,170,195
,18 años,378,184,194
,19 años,358,160,198
,20 años,372,182,190
,21 años,269,122,147
,22 años,366,186,180
,23 años,344,177,167
,24 años,366,170,196
,25 años,358,170,188
,26 años,296,116,180
,27 años,329,149,180
,28 años,295,136,159
,29 años,278,122,156
,30 años,373,199,174
,31 años,268,117,151
,32 años,271,127,144
,33 años,259,107,152
,34 años,254,116,138
,35 años,287,146,141
,36 años,269,129,140
,37 años,266,117,149
,38 años,237,99,138
,39 años,253,131,122
,40 años,280,126,154
,41 años,165,73,92
,42 años,269,130,139
,43 años,214,110,104
,44 años,194,86,108
,45 años,173,74,99
,46 años,153,62,91
,47 años,153,70,83
,48 años,167,82,85
,49 años,185,83,102
,50 años,245,126,119
,51 años,112,41,71
,52 años,156,69,87
,53 años,162,84,78
,54 años,137,67,70
,55 años,120,65,55
,56 años,146,65,81
,57 años,115,50,65
,58 años,157,76,81
,59 años,85,35,50
,60 años,156,72,84
,61 años,58,29,29
,62 años,103,43,60
,63 años,85,40,45
,64 años,89,47,42
,65 años,111,53,58
,66 años,97,52,45
,67 años,78,45,33
,68 años,88,51,37
,69 años,55,27,28
,70 años,96,46,50
,71 años,52,21,31
,72 años,61,13,48
,73 años,45,29,16
,74 años,55,33,22
,75 años,38,19,19
,76 años,43,13,30
,77 años,45,17,28
,78 años,42,24,18
,79 años,24,14,10
,80 años,24,12,12
,81 años,28,5,23
,82 años,35,18,17
,83 años,20,10,10
,84 años,36,18,18
,85 años,29,14,15
,86 años,22,8,14
,87 años,21,8,13
,88 años,19,4,15
,89 años,12,7,5
,90 años,3,0,3
,91 años,8,4,4
,92 años,2,2,0
,93 años,4,0,4
,94 años,14,12,2
,95 años,4,0,4
,No especificado,35,26,9
087 Tecalitlán,Total,16579,8096,8483
,0 años,291,143,148
,1 años,322,148,174
,2 años,313,179,134
,3 años,303,166,137
,4 años,314,169,145
,5 años,354,162,192
,6 años,316,167,149
,7 años,278,151,127
,8 años,314,155,159
,9 años,270,137,133
,10 años,335,180,155
,11 años,313,167,146
,12 años,275,142,133
,13 años,309,147,162
,14 años,318,185,133
,15 años,271,117,154
,16 años,336,149,187
,17 años,277,166,111
,18 años,382,199,183
,19 años,311,156,155
,20 años,284,129,155
,21 años,260,110,150
,22 años,302,142,160
,23 años,269,121,148
,24 años,235,134,101
,25 años,249,111,138
,26 años,278,141,137
,27 años,243,100,143
,28 años,292,137,155
,29 años,235,106,129
,30 años,241,127,114
,31 años,166,80,86
,32 años,223,107,116
,33 años,192,98,94
,34 años,185,78,107
,35 años,185,104,81
,36 años,206,72,134
,37 años,208,99,109
,38 años,248,105,143
,39 años,184,86,98
,40 años,224,119,105
,41 años,157,74,83
,42 años,196,99,97
,43 años,145,79,66
,44 años,140,64,76
,45 años,200,102,98
,46 años,184,90,94
,47 años,141,71,70
,48 años,165,79,86
,49 años,186,83,103
,50 años,175,88,87
,51 años,143,71,72
,52 años,194,107,87
,53 años,147,66,81
,54 años,149,65,84
,55 años,194,90,104
,56 años,139,73,66
,57 años,129,47,82
,58 años,111,41,70
,59 años,109,39,70
,60 años,135,67,68
,61 años,76,36,40
,62 años,112,46,66
,63 años,120,79,41
,64 años,122,49,73
,65 años,170,74,96
,66 años,135,68,67
,67 años,113,49,64
,68 años,116,48,68
,69 años,105,54,51
,70 años,129,62,67
,71 años,91,43,48
,72 años,97,54,43
,73 años,94,46,48
,74 años,80,39,41
,75 años,73,26,47
,76 años,67,28,39
,77 años,55,23,32
,78 años,59,32,27
,79 años,66,42,24
,80 años,52,26,26
,81 años,34,15,19
,82 años,38,19,19
,83 años,70,37,33
,84 años,34,20,14
,85 años,34,18,16
,86 años,41,23,18
,87 años,27,14,13
,88 años,12,2,10
,89 años,12,6,6
,90 años,19,11,8
,91 años,10,2,8
,92 años,13,6,7
,93 años,14,4,10
,94 años,12,2,10
,95 años,10,7,3
,96 años,4,0,4
,97 años,8,0,8
,98 años,3,0,3
,99 años,2,0,2
088 Tecolotlán,Total,17257,8539,8718
,0 años,305,155,150
,1 años,288,143,145
,2 años,340,154,186
,3 años,349,167,182
,4 años,370,164,206
,5 años,342,173,169
,6 años,331,195,136
,7 años,300,161,139
,8 años,342,181,161
,9 años,325,173,152
,10 años,307,175,132
,11 años,358,204,154
,12 años,321,141,180
,13 años,326,166,160
,14 años,322,180,142
,15 años,311,149,162
,16 años,318,168,150
,17 años,313,148,165
,18 años,304,141,163
,19 años,253,130,123
,20 años,219,106,113
,21 años,229,109,120
,22 años,253,136,117
,23 años,263,126,137
,24 años,297,151,146
,25 años,245,109,136
,26 años,268,114,154
,27 años,253,117,136
,28 años,257,112,145
,29 años,225,88,137
,30 años,236,108,128
,31 años,209,114,95
,32 años,222,98,124
,33 años,192,101,91
,34 años,226,114,112
,35 años,214,102,112
,36 años,273,134,139
,37 años,229,110,119
,38 años,252,103,149
,39 años,244,120,124
,40 años,226,123,103
,41 años,228,122,106
,42 años,249,130,119
,43 años,198,95,103
,44 años,204,106,98
,45 años,222,94,128
,46 años,194,83,111
,47 años,163,93,70
,48 años,160,71,89
,49 años,170,80,90
,50 años,239,97,142
,51 años,136,87,49
,52 años,177,91,86
,53 años,121,66,55
,54 años,174,79,95
,55 años,154,77,77
,56 años,169,82,87
,57 años,139,70,69
,58 años,126,68,58
,59 años,104,54,50
,60 años,138,65,73
,61 años,98,45,53
,62 años,122,48,74
,63 años,104,68,36
,64 años,110,58,52
,65 años,149,73,76
,66 años,106,47,59
,67 años,108,60,48
,68 años,107,50,57
,69 años,108,49,59
,70 años,102,41,61
,71 años,67,33,34
,72 años,105,54,51
,73 años,84,46,38
,74 años,133,67,66
,75 años,83,42,41
,76 años,76,40,36
,77 años,49,25,24
,78 años,56,38,18
,79 años,79,42,37
,80 años,49,26,23
,81 años,32,10,22
,82 años,48,27,21
,83 años,35,19,16
,84 años,47,28,19
,85 años,50,23,27
,86 años,21,9,12
,87 años,43,21,22
,88 años,18,16,2
,89 años,19,12,7
,90 años,26,12,14
,91 años,17,6,11
,92 años,22,8,14
,93 años,16,8,8
,94 años,11,5,6
,95 años,4,0,4
,96 años,5,0,5
,97 años,2,0,2
,98 años,6,2,4
,99 años,2,2,0
,100 años y más,16,6,10
089 Techaluta de Montenegro,Total,3703,1827,1876
,0 años,68,35,33
,1 años,56,25,31
,2 años,70,38,32
,3 años,80,44,36
,4 años,78,52,26
,5 años,79,42,37
,6 años,66,34,32
,7 años,70,36,34
,8 años,81,43,38
,9 años,59,25,34
,10 años,69,34,35
,11 años,64,30,34
,12 años,65,28,37
,13 años,64,37,27
,14 años,55,24,31
,15 años,71,40,31
,16 años,64,29,35
,17 años,60,27,33
,18 años,57,28,29
,19 años,50,22,28
,20 años,64,36,28
,21 años,63,31,32
,22 años,68,33,35
,23 años,76,38,38
,24 años,64,25,39
,25 años,43,17,26
,26 años,69,35,34
,27 años,51,28,23
,28 años,56,31,25
,29 años,59,32,27
,30 años,64,29,35
,31 años,48,29,19
,32 años,56,27,29
,33 años,44,21,23
,34 años,51,24,27
,35 años,46,23,23
,36 años,48,20,28
,37 años,43,20,23
,38 años,50,26,24
,39 años,45,22,23
,40 años,55,28,27
,41 años,39,18,21
,42 años,58,28,30
,43 años,38,17,21
,44 años,41,21,20
,45 años,26,12,14
,46 años,29,17,12
,47 años,24,14,10
,48 años,44,23,21
,49 años,37,16,21
,50 años,44,19,25
,51 años,22,13,9
,52 años,34,13,21
,53 años,31,19,12
,54 años,30,12,18
,55 años,23,6,17
,56 años,31,14,17
,57 años,28,11,17
,58 años,38,19,19
,59 años,37,18,19
,60 años,32,10,22
,61 años,17,5,12
,62 años,25,9,16
,63 años,29,17,12
,64 años,27,10,17
,65 años,34,20,14
,66 años,24,12,12
,67 años,22,11,11
,68 años,20,9,11
,69 años,14,7,7
,70 años,27,11,16
,71 años,17,7,10
,72 años,23,10,13
,73 años,28,14,14
,74 años,21,11,10
,75 años,20,9,11
,76 años,12,7,5
,77 años,9,5,4
,78 años,21,11,10
,79 años,19,9,10
,80 años,7,6,1
,81 años,17,8,9
,82 años,13,5,8
,83 años,13,7,6
,84 años,13,7,6
,85 años,9,5,4
,86 años,6,3,3
,87 años,6,3,3
,88 años,4,3,1
,89 años,6,5,1
,90 años,5,2,3
,91 años,3,1,2
,92 años,7,3,4
,93 años,3,2,1
,94 años,2,1,1
,95 años,2,2,0
,97 años,1,1,0
,98 años,1,1,0
,100 años y más,1,0,1
090 Tenamaxtlán,Total,7005,3501,3504
,0 años,105,58,47
,1 años,115,66,49
,2 años,127,45,82
,3 años,130,75,55
,4 años,111,56,55
,5 años,143,69,74
,6 años,142,77,65
,7 años,125,67,58
,8 años,109,53,56
,9 años,125,69,56
,10 años,111,59,52
,11 años,116,63,53
,12 años,127,86,41
,13 años,148,73,75
,14 años,141,66,75
,15 años,132,74,58
,16 años,126,62,64
,17 años,122,68,54
,18 años,118,58,60
,19 años,100,47,53
,20 años,81,46,35
,21 años,85,36,49
,22 años,129,58,71
,23 años,88,33,55
,24 años,116,50,66
,25 años,107,51,56
,26 años,110,54,56
,27 años,101,63,38
,28 años,93,51,42
,29 años,66,27,39
,30 años,100,49,51
,31 años,62,24,38
,32 años,92,56,36
,33 años,66,22,44
,34 años,86,35,51
,35 años,75,47,28
,36 años,75,35,40
,37 años,84,44,40
,38 años,85,42,43
,39 años,79,38,41
,40 años,103,39,64
,41 años,86,52,34
,42 años,103,44,59
,43 años,77,43,34
,44 años,80,48,32
,45 años,115,51,64
,46 años,62,40,22
,47 años,90,39,51
,48 años,93,43,50
,49 años,97,53,44
,50 años,92,46,46
,51 años,69,27,42
,52 años,63,36,27
,53 años,62,27,35
,54 años,64,33,31
,55 años,55,31,24
,56 años,55,30,25
,57 años,60,19,41
,58 años,64,36,28
,59 años,38,16,22
,60 años,67,34,33
,61 años,35,16,19
,62 años,54,19,35
,63 años,55,18,37
,64 años,68,32,36
,65 años,42,18,24
,66 años,55,32,23
,67 años,37,24,13
,68 años,73,40,33
,69 años,48,23,25
,70 años,47,25,22
,71 años,33,21,12
,72 años,53,22,31
,73 años,54,31,23
,74 años,46,22,24
,75 años,40,13,27
,76 años,40,16,24
,77 años,32,16,16
,78 años,31,13,18
,79 años,34,21,13
,80 años,38,26,12
,81 años,24,18,6
,82 años,25,12,13
,83 años,16,10,6
,84 años,27,10,17
,85 años,23,6,17
,86 años,29,13,16
,87 años,18,9,9
,88 años,17,5,12
,89 años,5,1,4
,90 años,15,10,5
,91 años,14,7,7
,92 años,7,5,2
,93 años,4,2,2
,94 años,2,1,1
,95 años,1,0,1
,96 años,2,2,0
,97 años,4,1,3
,98 años,1,0,1
,99 años,4,2,2
,100 años y más,2,0,2
,No especificado,2,0,2
091 Teocaltiche,Total,41278,19826,21452
,0 años,715,382,333
,1 años,739,368,371
,2 años,837,398,439
,3 años,767,392,375
,4 años,851,458,393
,5 años,924,500,424
,6 años,860,398,462
,7 años,805,432,373
,8 años,760,400,360
,9 años,856,450,406
,10 años,804,376,428
,11 años,844,453,391
,12 años,936,386,550
,13 años,889,463,426
,14 años,849,456,393
,15 años,758,397,361
,16 años,844,414,430
,17 años,732,359,373
,18 años,761,386,375
,19 años,639,298,341
,20 años,665,336,329
,21 años,658,289,369
,22 años,632,322,310
,23 años,651,348,303
,24 años,645,258,387
,25 años,647,302,345
,26 años,566,256,310
,27 años,587,270,317
,28 años,577,254,323
,29 años,590,262,328
,30 años,671,342,329
,31 años,468,218,250
,32 años,518,269,249
,33 años,503,198,305
,34 años,487,223,264
,35 años,622,272,350
,36 años,541,269,272
,37 años,523,216,307
,38 años,643,314,329
,39 años,533,249,284
,40 años,629,309,320
,41 años,476,232,244
,42 años,521,255,266
,43 años,485,250,235
,44 años,509,255,254
,45 años,458,253,205
,46 años,360,130,230
,47 años,450,215,235
,48 años,440,237,203
,49 años,370,173,197
,50 años,512,220,292
,51 años,271,138,133
,52 años,327,126,201
,53 años,331,132,199
,54 años,390,156,234
,55 años,319,142,177
,56 años,321,146,175
,57 años,284,125,159
,58 años,279,116,163
,59 años,307,138,169
,60 años,310,153,157
,61 años,238,118,120
,62 años,273,96,177
,63 años,310,157,153
,64 años,287,107,180
,65 años,321,138,183
,66 años,243,92,151
,67 años,272,142,130
,68 años,269,121,148
,69 años,192,76,116
,70 años,312,148,164
,71 años,127,57,70
,72 años,232,125,107
,73 años,182,82,100
,74 años,217,100,117
,75 años,182,79,103
,76 años,160,67,93
,77 años,133,70,63
,78 años,132,81,51
,79 años,123,48,75
,80 años,124,60,64
,81 años,86,41,45
,82 años,88,50,38
,83 años,72,43,29
,84 años,75,27,48
,85 años,62,26,36
,86 años,15,4,11
,87 años,40,16,24
,88 años,59,23,36
,89 años,44,19,25
,90 años,21,14,7
,91 años,12,6,6
,92 años,26,18,8
,93 años,17,9,8
,94 años,18,7,11
,95 años,14,10,4
,96 años,11,4,7
,97 años,8,4,4
,98 años,12,0,12
,99 años,4,4,0
,100 años y más,8,0,8
,No especificado,11,3,8
092 Teocuitatlán de Corona,Total,10317,5054,5263
,0 años,176,76,100
,1 años,183,94,89
,2 años,165,77,88
,3 años,190,82,108
,4 años,157,85,72
,5 años,186,96,90
,6 años,170,103,67
,7 años,190,92,98
,8 años,176,78,98
,9 años,158,69,89
,10 años,201,110,91
,11 años,196,92,104
,12 años,193,95,98
,13 años,169,85,84
,14 años,171,84,87
,15 años,191,93,98
,16 años,178,97,81
,17 años,167,100,67
,18 años,164,95,69
,19 años,119,57,62
,20 años,136,74,62
,21 años,151,82,69
,22 años,152,69,83
,23 años,144,68,76
,24 años,120,69,51
,25 años,133,67,66
,26 años,157,72,85
,27 años,163,62,101
,28 años,127,70,57
,29 años,120,62,58
,30 años,150,77,73
,31 años,108,46,62
,32 años,116,45,71
,33 años,107,58,49
,34 años,155,63,92
,35 años,139,53,86
,36 años,119,63,56
,37 años,136,57,79
,38 años,132,62,70
,39 años,152,77,75
,40 años,154,84,70
,41 años,103,56,47
,42 años,168,88,80
,43 años,122,52,70
,44 años,120,66,54
,45 años,145,78,67
,46 años,113,54,59
,47 años,78,28,50
,48 años,136,64,72
,49 años,105,59,46
,50 años,123,59,64
,51 años,104,65,39
,52 años,86,32,54
,53 años,97,42,55
,54 años,123,56,67
,55 años,113,65,48
,56 años,108,49,59
,57 años,102,46,56
,58 años,95,46,49
,59 años,84,44,40
,60 años,84,40,44
,61 años,64,19,45
,62 años,92,41,51
,63 años,98,50,48
,64 años,78,27,51
,65 años,105,63,42
,66 años,65,31,34
,67 años,87,33,54
,68 años,91,65,26
,69 años,54,19,35
,70 años,60,36,24
,71 años,36,22,14
,72 años,77,33,44
,73 años,70,30,40
,74 años,71,37,34
,75 años,59,21,38
,76 años,60,29,31
,77 años,44,15,29
,78 años,45,23,22
,79 años,61,30,31
,80 años,46,24,22
,81 años,35,7,28
,82 años,30,12,18
,83 años,39,24,15
,84 años,52,22,30
,85 años,31,23,8
,86 años,24,17,7
,87 años,21,15,6
,88 años,21,8,13
,89 años,20,6,14
,90 años,23,10,13
,91 años,7,1,6
,92 años,15,7,8
,93 años,13,3,10
,94 años,17,13,4
,95 años,8,1,7
,96 años,9,4,5
,97 años,4,2,2
,98 años,1,0,1
,100 años y más,4,2,2
093 Tepatitlán de Morelos,Total,141322,69100,72222
,0 años,2593,1345,1248
,1 años,2447,1095,1352
,2 años,2738,1349,1389
,3 años,2794,1485,1309
,4 años,2861,1407,1454
,5 años,2751,1457,1294
,6 años,2655,1180,1475
,7 años,2912,1522,1390
,8 años,2921,1516,1405
,9 años,2483,1335,1148
,10 años,2748,1404,1344
,11 años,2664,1358,1306
,12 años,3141,1609,1532
,13 años,2951,1496,1455
,14 años,3082,1444,1638
,15 años,2725,1430,1295
,16 años,2514,1160,1354
,17 años,2672,1335,1337
,18 años,2506,1226,1280
,19 años,2532,1312,1220
,20 años,2481,1147,1334
,21 años,2687,1259,1428
,22 años,2510,1244,1266
,23 años,2777,1319,1458
,24 años,2573,1240,1333
,25 años,2645,1378,1267
,26 años,2253,1183,1070
,27 años,2407,1154,1253
,28 años,2470,1164,1306
,29 años,2258,1127,1131
,30 años,2186,1099,1087
,31 años,1937,946,991
,32 años,2166,1083,1083
,33 años,1974,880,1094
,34 años,1789,766,1023
,35 años,1830,824,1006
,36 años,1628,846,782
,37 años,1902,887,1015
,38 años,1933,935,998
,39 años,1832,885,947
,40 años,1983,1044,939
,41 años,1737,846,891
,42 años,2058,1001,1057
,43 años,1668,792,876
,44 años,1536,753,783
,45 años,1555,766,789
,46 años,1566,816,750
,47 años,1681,814,867
,48 años,1536,702,834
,49 años,1316,586,730
,50 años,1434,634,800
,51 años,1354,692,662
,52 años,1290,623,667
,53 años,1248,603,645
,54 años,1130,579,551
,55 años,1152,472,680
,56 años,1129,562,567
,57 años,879,389,490
,58 años,779,432,347
,59 años,755,322,433
,60 años,1197,510,687
,61 años,716,385,331
,62 años,888,414,474
,63 años,1037,413,624
,64 años,1041,516,525
,65 años,910,429,481
,66 años,644,275,369
,67 años,623,303,320
,68 años,610,296,314
,69 años,552,319,233
,70 años,514,211,303
,71 años,366,192,174
,72 años,532,221,311
,73 años,470,249,221
,74 años,487,281,206
,75 años,401,209,192
,76 años,428,141,287
,77 años,313,132,181
,78 años,371,183,188
,79 años,217,103,114
,80 años,472,244,228
,81 años,151,62,89
,82 años,259,96,163
,83 años,186,103,83
,84 años,189,111,78
,85 años,176,82,94
,86 años,108,59,49
,87 años,87,29,58
,88 años,104,55,49
,89 años,108,44,64
,90 años,68,28,40
,91 años,36,24,12
,92 años,137,86,51
,93 años,59,9,50
,94 años,30,17,13
,95 años,37,0,37
,96 años,28,10,18
,97 años,14,0,14
,98 años,15,0,15
,99 años,11,0,11
,100 años y más,16,0,16
094 Tequila,Total,42009,20655,21354
,0 años,783,410,373
,1 años,802,438,364
,2 años,895,377,518
,3 años,968,462,506
,4 años,855,434,421
,5 años,892,439,453
,6 años,917,428,489
,7 años,829,411,418
,8 años,889,423,466
,9 años,865,474,391
,10 años,943,503,440
,11 años,894,476,418
,12 años,938,447,491
,13 años,977,517,460
,14 años,953,520,433
,15 años,968,473,495
,16 años,922,422,500
,17 años,826,435,391
,18 años,794,408,386
,19 años,773,408,365
,20 años,726,360,366
,21 años,709,380,329
,22 años,811,410,401
,23 años,748,368,380
,24 años,707,313,394
,25 años,695,331,364
,26 años,606,330,276
,27 años,643,333,310
,28 años,668,337,331
,29 años,517,240,277
,30 años,597,248,349
,31 años,493,235,258
,32 años,682,315,367
,33 años,517,264,253
,34 años,546,258,288
,35 años,532,276,256
,36 años,592,266,326
,37 años,498,254,244
,38 años,438,180,258
,39 años,620,277,343
,40 años,597,305,292
,41 años,376,181,195
,42 años,669,345,324
,43 años,452,233,219
,44 años,408,227,181
,45 años,529,211,318
,46 años,416,184,232
,47 años,421,221,200
,48 años,407,161,246
,49 años,310,125,185
,50 años,453,200,253
,51 años,331,135,196
,52 años,410,244,166
,53 años,349,165,184
,54 años,378,180,198
,55 años,372,177,195
,56 años,257,130,127
,57 años,324,166,158
,58 años,343,151,192
,59 años,178,89,89
,60 años,289,131,158
,61 años,171,84,87
,62 años,272,141,131
,63 años,207,110,97
,64 años,237,109,128
,65 años,294,159,135
,66 años,174,90,84
,67 años,173,78,95
,68 años,159,76,83
,69 años,165,64,101
,70 años,150,66,84
,71 años,87,53,34
,72 años,168,69,99
,73 años,142,85,57
,74 años,138,73,65
,75 años,162,69,93
,76 años,92,55,37
,77 años,104,54,50
,78 años,125,53,72
,79 años,71,22,49
,80 años,116,64,52
,81 años,45,24,21
,82 años,59,23,36
,83 años,33,14,19
,84 años,41,16,25
,85 años,53,33,20
,86 años,40,24,16
,87 años,34,25,9
,88 años,21,9,12
,89 años,45,10,35
,90 años,21,18,3
,91 años,15,3,12
,92 años,14,7,7
,93 años,13,10,3
,94 años,6,0,6
,95 años,17,6,11
,96 años,3,0,3
,97 años,3,0,3
,98 años,6,6,0
,99 años,4,0,4
,100 años y más,9,5,4
,No especificado,23,7,16
095 Teuchitlán,Total,9608,4705,4903
,0 años,156,69,87
,1 años,162,86,76
,2 años,155,85,70
,3 años,193,108,85
,4 años,173,87,86
,5 años,170,87,83
,6 años,159,70,89
,7 años,167,80,87
,8 años,171,89,82
,9 años,187,90,97
,10 años,171,77,94
,11 años,183,96,87
,12 años,193,92,101
,13 años,178,89,89
,14 años,188,95,93
,15 años,150,60,90
,16 años,154,60,94
,17 años,200,94,106
,18 años,180,78,102
,19 años,156,76,80
,20 años,194,107,87
,21 años,161,84,77
,22 años,165,84,81
,23 años,142,87,55
,24 años,160,79,81
,25 años,95,40,55
,26 años,117,56,61
,27 años,100,47,53
,28 años,113,45,68
,29 años,141,66,75
,30 años,160,68,92
,31 años,119,59,60
,32 años,154,93,61
,33 años,114,60,54
,34 años,127,48,79
,35 años,123,68,55
,36 años,120,55,65
,37 años,128,71,57
,38 años,147,68,79
,39 años,136,82,54
,40 años,147,59,88
,41 años,123,62,61
,42 años,137,78,59
,43 años,119,54,65
,44 años,133,57,76
,45 años,96,47,49
,46 años,111,60,51
,47 años,89,31,58
,48 años,116,47,69
,49 años,105,45,60
,50 años,114,61,53
,51 años,71,37,34
,52 años,86,46,40
,53 años,71,29,42
,54 años,91,42,49
,55 años,70,43,27
,56 años,79,33,46
,57 años,105,45,60
,58 años,82,35,47
,59 años,63,33,30
,60 años,81,46,35
,61 años,53,29,24
,62 años,61,31,30
,63 años,71,35,36
,64 años,85,26,59
,65 años,94,39,55
,66 años,80,39,41
,67 años,94,58,36
,68 años,67,30,37
,69 años,57,31,26
,70 años,62,31,31
,71 años,35,19,16
,72 años,52,27,25
,73 años,40,28,12
,74 años,55,36,19
,75 años,29,13,16
,76 años,45,17,28
,77 años,49,20,29
,78 años,49,24,25
,79 años,31,12,19
,80 años,29,19,10
,81 años,22,12,10
,82 años,24,9,15
,83 años,29,15,14
,84 años,35,20,15
,85 años,17,9,8
,86 años,10,1,9
,87 años,9,2,7
,88 años,11,10,1
,89 años,19,11,8
,90 años,10,7,3
,91 años,7,7,0
,92 años,9,5,4
,93 años,5,3,2
,95 años,4,2,2
,96 años,4,1,3
,97 años,2,2,0
,99 años,2,0,2
096 Tizapán el Alto,Total,20961,10165,10796
,0 años,339,167,172
,1 años,434,205,229
,2 años,501,249,252
,3 años,442,253,189
,4 años,441,221,220
,5 años,430,205,225
,6 años,489,234,255
,7 años,399,196,203
,8 años,434,213,221
,9 años,399,189,210
,10 años,486,252,234
,11 años,342,182,160
,12 años,379,180,199
,13 años,396,189,207
,14 años,435,251,184
,15 años,388,215,173
,16 años,379,156,223
,17 años,368,160,208
,18 años,396,202,194
,19 años,369,190,179
,20 años,349,169,180
,21 años,334,186,148
,22 años,334,169,165
,23 años,345,160,185
,24 años,305,145,160
,25 años,296,127,169
,26 años,279,112,167
,27 años,276,126,150
,28 años,312,154,158
,29 años,263,122,141
,30 años,287,133,154
,31 años,248,112,136
,32 años,295,143,152
,33 años,290,139,151
,34 años,224,93,131
,35 años,280,137,143
,36 años,253,105,148
,37 años,307,125,182
,38 años,274,139,135
,39 años,271,135,136
,40 años,317,149,168
,41 años,243,103,140
,42 años,261,124,137
,43 años,268,137,131
,44 años,241,131,110
,45 años,262,121,141
,46 años,179,86,93
,47 años,212,89,123
,48 años,219,102,117
,49 años,200,112,88
,50 años,241,109,132
,51 años,152,68,84
,52 años,209,125,84
,53 años,161,73,88
,54 años,201,101,100
,55 años,234,121,113
,56 años,192,75,117
,57 años,139,75,64
,58 años,158,79,79
,59 años,108,32,76
,60 años,160,64,96
,61 años,98,56,42
,62 años,132,79,53
,63 años,122,49,73
,64 años,107,51,56
,65 años,190,83,107
,66 años,115,56,59
,67 años,106,61,45
,68 años,119,68,51
,69 años,88,44,44
,70 años,127,64,63
,71 años,70,25,45
,72 años,115,51,64
,73 años,110,55,55
,74 años,100,52,48
,75 años,105,51,54
,76 años,66,39,27
,77 años,80,31,49
,78 años,82,45,37
,79 años,55,32,23
,80 años,51,29,22
,81 años,37,18,19
,82 años,53,28,25
,83 años,53,27,26
,84 años,53,28,25
,85 años,65,25,40
,86 años,43,27,16
,87 años,19,8,11
,88 años,18,6,12
,89 años,30,19,11
,90 años,30,10,20
,91 años,11,4,7
,92 años,21,7,14
,93 años,13,2,11
,94 años,10,3,7
,95 años,16,3,13
,96 años,5,0,5
,97 años,11,6,5
,98 años,2,2,0
,99 años,5,5,0
,100 años y más,3,0,3
097 Tlajomulco de Zúñiga,Total,549442,269701,279741
,0 años,12367,5904,6463
,1 años,11722,5834,5888
,2 años,12464,6241,6223
,3 años,12574,6132,6442
,4 años,12859,6235,6624
,5 años,12652,6345,6307
,6 años,12539,6159,6380
,7 años,12711,6115,6596
,8 años,12728,6823,5905
,9 años,13389,7041,6348
,10 años,12256,5798,6458
,11 años,12265,5883,6382
,12 años,12321,6758,5563
,13 años,11653,6071,5582
,14 años,11631,6075,5556
,15 años,11199,5540,5659
,16 años,9296,4657,4639
,17 años,9265,4679,4586
,18 años,9605,5026,4579
,19 años,9253,4575,4678
,20 años,8906,4138,4768
,21 años,8409,4238,4171
,22 años,9169,4552,4617
,23 años,8027,3819,4208
,24 años,8348,4056,4292
,25 años,8595,3886,4709
,26 años,8144,3557,4587
,27 años,8149,3823,4326
,28 años,9305,4335,4970
,29 años,8557,3840,4717
,30 años,11380,4938,6442
,31 años,9034,3940,5094
,32 años,11238,5260,5978
,33 años,10018,4779,5239
,34 años,9563,4838,4725
,35 años,11045,5409,5636
,36 años,9327,4302,5025
,37 años,9807,4842,4965
,38 años,10671,5456,5215
,39 años,8596,4489,4107
,40 años,11388,5743,5645
,41 años,7451,3866,3585
,42 años,9780,4879,4901
,43 años,7333,3578,3755
,44 años,6870,3448,3422
,45 años,6823,3404,3419
,46 años,4682,2395,2287
,47 años,5190,2465,2725
,48 años,4898,2381,2517
,49 años,4316,2038,2278
,50 años,5626,3114,2512
,51 años,3246,1718,1528
,52 años,4300,2328,1972
,53 años,3437,1661,1776
,54 años,3443,1555,1888
,55 años,3178,1508,1670
,56 años,2542,1059,1483
,57 años,2544,1039,1505
,58 años,2253,1020,1233
,59 años,2534,1065,1469
,60 años,2799,1342,1457
,61 años,1587,696,891
,62 años,2116,1089,1027
,63 años,1978,1019,959
,64 años,1763,820,943
,65 años,2009,949,1060
,66 años,1191,526,665
,67 años,1292,826,466
,68 años,1154,574,580
,69 años,1133,591,542
,70 años,1156,526,630
,71 años,637,333,304
,72 años,850,396,454
,73 años,744,429,315
,74 años,900,473,427
,75 años,917,395,522
,76 años,480,320,160
,77 años,377,150,227
,78 años,391,176,215
,79 años,389,232,157
,80 años,410,158,252
,81 años,204,105,99
,82 años,210,58,152
,83 años,349,97,252
,84 años,299,185,114
,85 años,152,86,66
,86 años,156,72,84
,87 años,156,60,96
,88 años,126,54,72
,89 años,73,27,46
,90 años,82,42,40
,91 años,63,49,14
,92 años,26,0,26
,93 años,47,27,20
,94 años,39,0,39
,95 años,29,15,14
,96 años,8,8,0
,98 años,16,8,8
,99 años,15,0,15
,100 años y más,20,0,20
,No especificado,228,136,92
098 Tlaquepaque,Total,664193,328802,335391
,0 años,11780,5905,5875
,1 años,11756,6315,5441
,2 años,11875,6344,5531
,3 años,12618,6734,5884
,4 años,13584,6812,6772
,5 años,12647,6234,6413
,6 años,13636,6825,6811
,7 años,13309,7039,6270
,8 años,12937,6783,6154
,9 años,12634,6320,6314
,10 años,12945,6425,6520
,11 años,12394,6565,5829
,12 años,12878,6596,6282
,13 años,12712,5990,6722
,14 años,14154,6827,7327
,15 años,13544,7218,6326
,16 años,12188,6214,5974
,17 años,12067,5869,6198
,18 años,13117,6922,6195
,19 años,12770,6517,6253
,20 años,12273,6360,5913
,21 años,11440,5490,5950
,22 años,12129,6297,5832
,23 años,12448,6031,6417
,24 años,12127,6577,5550
,25 años,11898,6019,5879
,26 años,10957,5468,5489
,27 años,10130,5350,4780
,28 años,10655,5521,5134
,29 años,9948,4624,5324
,30 años,12094,5914,6180
,31 años,9237,4661,4576
,32 años,11050,5344,5706
,33 años,9381,4396,4985
,34 años,10306,5197,5109
,35 años,9987,4831,5156
,36 años,9922,4841,5081
,37 años,9875,4653,5222
,38 años,10633,5349,5284
,39 años,9138,4107,5031
,40 años,11380,5437,5943
,41 años,8644,3980,4664
,42 años,11183,5842,5341
,43 años,8583,4828,3755
,44 años,7698,3785,3913
,45 años,8557,3647,4910
,46 años,6742,3362,3380
,47 años,6529,2998,3531
,48 años,6904,3224,3680
,49 años,6978,3562,3416
,50 años,7845,3450,4395
,51 años,4893,2267,2626
,52 años,6380,3090,3290
,53 años,5690,2816,2874
,54 años,6079,2655,3424
,55 años,5115,2278,2837
,56 años,4868,2222,2646
,57 años,4397,2252,2145
,58 años,5322,2576,2746
,59 años,4366,1851,2515
,60 años,4896,2441,2455
,61 años,2637,1166,1471
,62 años,3865,1829,2036
,63 años,3470,1563,1907
,64 años,3147,1623,1524
,65 años,4266,1942,2324
,66 años,2727,1293,1434
,67 años,2313,1175,1138
,68 años,2250,934,1316
,69 años,1878,1077,801
,70 años,2798,1272,1526
,71 años,1173,611,562
,72 años,2286,870,1416
,73 años,1816,851,965
,74 años,1655,653,1002
,75 años,1767,740,1027
,76 años,1193,426,767
,77 años,893,528,365
,78 años,1478,537,941
,79 años,752,373,379
,80 años,1044,400,644
,81 años,609,295,314
,82 años,861,375,486
,83 años,754,306,448
,84 años,713,409,304
,85 años,689,309,380
,86 años,381,130,251
,87 años,565,235,330
,88 años,329,131,198
,89 años,254,130,124
,90 años,308,56,252
,91 años,199,145,54
,92 años,100,67,33
,93 años,111,66,45
,94 años,132,36,96
,95 años,92,24,68
,96 años,110,33,77
,97 años,59,0,59
,100 años y más,39,16,23
,No especificado,258,129,129
099 Tolimán,Total,10310,5127,5183
,0 años,229,135,94
,1 años,189,105,84
,2 años,239,117,122
,3 años,217,110,107
,4 años,231,118,113
,5 años,176,86,90
,6 años,186,98,88
,7 años,188,100,88
,8 años,185,106,79
,9 años,181,101,80
,10 años,156,75,81
,11 años,202,104,98
,12 años,223,111,112
,13 años,168,84,84
,14 años,227,115,112
,15 años,187,83,104
,16 años,204,118,86
,17 años,198,104,94
,18 años,218,101,117
,19 años,198,90,108
,20 años,188,90,98
,21 años,178,87,91
,22 años,184,93,91
,23 años,158,71,87
,24 años,196,96,100
,25 años,167,86,81
,26 años,145,70,75
,27 años,136,68,68
,28 años,129,68,61
,29 años,128,60,68
,30 años,160,79,81
,31 años,100,44,56
,32 años,126,58,68
,33 años,134,62,72
,34 años,150,72,78
,35 años,139,65,74
,36 años,114,61,53
,37 años,117,47,70
,38 años,113,58,55
,39 años,93,46,47
,40 años,120,51,69
,41 años,97,48,49
,42 años,122,60,62
,43 años,112,49,63
,44 años,90,37,53
,45 años,108,46,62
,46 años,96,49,47
,47 años,130,62,68
,48 años,98,48,50
,49 años,85,41,44
,50 años,123,62,61
,51 años,60,30,30
,52 años,115,60,55
,53 años,78,36,42
,54 años,102,48,54
,55 años,106,49,57
,56 años,85,48,37
,57 años,84,52,32
,58 años,100,50,50
,59 años,66,28,38
,60 años,107,56,51
,61 años,51,17,34
,62 años,79,35,44
,63 años,46,24,22
,64 años,74,42,32
,65 años,113,63,50
,66 años,57,27,30
,67 años,74,34,40
,68 años,49,28,21
,69 años,37,15,22
,70 años,62,41,21
,71 años,42,18,24
,72 años,45,27,18
,73 años,65,29,36
,74 años,57,26,31
,75 años,57,22,35
,76 años,53,30,23
,77 años,32,20,12
,78 años,40,23,17
,79 años,34,12,22
,80 años,36,16,20
,81 años,13,9,4
,82 años,44,16,28
,83 años,27,12,15
,84 años,43,21,22
,85 años,26,18,8
,86 años,10,6,4
,87 años,15,5,10
,88 años,10,4,6
,89 años,8,4,4
,90 años,15,3,12
,91 años,7,1,6
,92 años,9,2,7
,93 años,11,6,5
,94 años,4,1,3
,95 años,4,4,0
,96 años,5,5,0
,98 años,2,2,0
,100 años y más,4,0,4
,No especificado,9,7,2
100 Tomatlán,Total,35824,18218,17606
,0 años,656,335,321
,1 años,664,324,340
,2 años,785,396,389
,3 años,772,405,367
,4 años,748,327,421
,5 años,785,428,357
,6 años,685,329,356
,7 años,758,374,384
,8 años,740,396,344
,9 años,734,324,410
,10 años,710,382,328
,11 años,650,308,342
,12 años,729,360,369
,13 años,776,332,444
,14 años,783,403,380
,15 años,765,412,353
,16 años,771,346,425
,17 años,666,388,278
,18 años,675,356,319
,19 años,536,262,274
,20 años,508,239,269
,21 años,492,222,270
,22 años,619,335,284
,23 años,556,294,262
,24 años,526,291,235
,25 años,621,339,282
,26 años,495,234,261
,27 años,452,224,228
,28 años,601,288,313
,29 años,456,259,197
,30 años,536,274,262
,31 años,441,227,214
,32 años,518,246,272
,33 años,435,230,205
,34 años,438,223,215
,35 años,463,237,226
,36 años,452,247,205
,37 años,480,261,219
,38 años,421,214,207
,39 años,418,214,204
,40 años,532,231,301
,41 años,329,160,169
,42 años,486,267,219
,43 años,389,203,186
,44 años,436,218,218
,45 años,368,194,174
,46 años,352,199,153
,47 años,397,188,209
,48 años,380,187,193
,49 años,378,189,189
,50 años,421,228,193
,51 años,255,135,120
,52 años,357,159,198
,53 años,338,158,180
,54 años,364,173,191
,55 años,363,202,161
,56 años,313,166,147
,57 años,208,103,105
,58 años,304,168,136
,59 años,231,151,80
,60 años,364,179,185
,61 años,159,94,65
,62 años,267,123,144
,63 años,255,141,114
,64 años,265,138,127
,65 años,280,147,133
,66 años,226,107,119
,67 años,197,98,99
,68 años,225,109,116
,69 años,160,85,75
,70 años,181,107,74
,71 años,74,44,30
,72 años,154,71,83
,73 años,164,90,74
,74 años,171,106,65
,75 años,137,72,65
,76 años,134,77,57
,77 años,81,54,27
,78 años,129,69,60
,79 años,68,34,34
,80 años,82,51,31
,81 años,33,17,16
,82 años,66,30,36
,83 años,61,27,34
,84 años,61,35,26
,85 años,59,34,25
,86 años,37,21,16
,87 años,43,18,25
,88 años,27,8,19
,89 años,41,15,26
,90 años,21,7,14
,91 años,17,14,3
,92 años,7,5,2
,93 años,8,5,3
,94 años,13,4,9
,95 años,16,4,12
,97 años,7,4,3
,98 años,3,3,0
,99 años,3,0,3
,100 años y más,8,4,4
,No especificado,3,3,0
101 Tonalá,Total,536111,262559,273552
,0 años,11544,5231,6313
,1 años,10396,5943,4453
,2 años,11281,5559,5722
,3 años,11926,5597,6329
,4 años,11237,5856,5381
,5 años,11139,5550,5589
,6 años,10897,5663,5234
,7 años,10730,5312,5418
,8 años,10335,5142,5193
,9 años,10394,5531,4863
,10 años,11516,5417,6099
,11 años,11575,5662,5913
,12 años,11370,5043,6327
,13 años,10627,5649,4978
,14 años,11621,5828,5793
,15 años,10769,5178,5591
,16 años,10682,4972,5710
,17 años,10242,5352,4890
,18 años,10738,5482,5256
,19 años,9283,4505,4778
,20 años,10250,5097,5153
,21 años,9392,4750,4642
,22 años,10711,5767,4944
,23 años,9468,4584,4884
,24 años,10334,5052,5282
,25 años,9072,4662,4410
,26 años,9205,4176,5029
,27 años,9481,3938,5543
,28 años,8652,4253,4399
,29 años,7667,3435,4232
,30 años,9008,4480,4528
,31 años,7346,3646,3700
,32 años,8627,4055,4572
,33 años,8637,4540,4097
,34 años,8743,4182,4561
,35 años,7915,3618,4297
,36 años,7382,3397,3985
,37 años,7838,4025,3813
,38 años,8063,3611,4452
,39 años,5974,2729,3245
,40 años,8527,3959,4568
,41 años,6663,3344,3319
,42 años,8953,5063,3890
,43 años,7204,3470,3734
,44 años,6685,3060,3625
,45 años,7623,4061,3562
,46 años,5754,3032,2722
,47 años,5611,2775,2836
,48 años,6036,2901,3135
,49 años,5437,2595,2842
,50 años,6674,3175,3499
,51 años,3803,2030,1773
,52 años,4990,2587,2403
,53 años,4086,2022,2064
,54 años,4158,1889,2269
,55 años,3479,1358,2121
,56 años,4063,1876,2187
,57 años,3224,1626,1598
,58 años,3469,1712,1757
,59 años,3331,1497,1834
,60 años,3707,1843,1864
,61 años,2441,1008,1433
,62 años,2382,1188,1194
,63 años,2416,1181,1235
,64 años,1972,830,1142
,65 años,2356,1050,1306
,66 años,1756,851,905
,67 años,1681,869,812
,68 años,1782,782,1000
,69 años,1168,502,666
,70 años,1384,638,746
,71 años,730,261,469
,72 años,1402,745,657
,73 años,818,367,451
,74 años,907,378,529
,75 años,1043,641,402
,76 años,958,442,516
,77 años,412,190,222
,78 años,733,454,279
,79 años,427,161,266
,80 años,845,342,503
,81 años,322,103,219
,82 años,255,132,123
,83 años,440,245,195
,84 años,402,151,251
,85 años,198,70,128
,86 años,261,107,154
,87 años,219,58,161
,88 años,197,132,65
,89 años,43,26,17
,90 años,122,45,77
,91 años,34,34,0
,92 años,64,59,5
,93 años,64,16,48
,94 años,11,0,11
,95 años,5,0,5
,97 años,21,12,9
,98 años,4,0,4
,100 años y más,33,27,6
,No especificado,259,118,141
102 Tonaya,Total,5960,2932,3028
,0 años,103,65,38
,1 años,105,59,46
,2 años,84,40,44
,3 años,120,67,53
,4 años,127,67,60
,5 años,135,64,71
,6 años,98,48,50
,7 años,84,45,39
,8 años,108,47,61
,9 años,90,30,60
,10 años,102,67,35
,11 años,82,44,38
,12 años,96,32,64
,13 años,84,31,53
,14 años,110,62,48
,15 años,97,53,44
,16 años,86,40,46
,17 años,68,41,27
,18 años,88,48,40
,19 años,65,25,40
,20 años,63,28,35
,21 años,105,47,58
,22 años,78,48,30
,23 años,100,50,50
,24 años,101,51,50
,25 años,102,53,49
,26 años,94,41,53
,27 años,97,41,56
,28 años,109,54,55
,29 años,92,42,50
,30 años,110,52,58
,31 años,96,50,46
,32 años,104,53,51
,33 años,107,57,50
,34 años,74,44,30
,35 años,102,53,49
,36 años,86,43,43
,37 años,68,38,30
,38 años,82,39,43
,39 años,74,35,39
,40 años,86,36,50
,41 años,66,38,28
,42 años,57,35,22
,43 años,56,25,31
,44 años,47,29,18
,45 años,66,26,40
,46 años,55,24,31
,47 años,60,32,28
,48 años,59,30,29
,49 años,48,26,22
,50 años,76,31,45
,51 años,55,20,35
,52 años,54,26,28
,53 años,45,21,24
,54 años,48,18,30
,55 años,58,21,37
,56 años,58,29,29
,57 años,70,37,33
,58 años,38,16,22
,59 años,38,19,19
,60 años,67,34,33
,61 años,47,16,31
,62 años,56,27,29
,63 años,53,27,26
,64 años,36,19,17
,65 años,54,20,34
,66 años,43,26,17
,67 años,40,18,22
,68 años,26,6,20
,69 años,37,14,23
,70 años,47,20,27
,71 años,44,29,15
,72 años,50,29,21
,73 años,40,18,22
,74 años,34,11,23
,75 años,29,13,16
,76 años,36,18,18
,77 años,26,12,14
,78 años,27,13,14
,79 años,32,22,10
,80 años,20,12,8
,81 años,24,14,10
,82 años,11,3,8
,83 años,20,10,10
,84 años,22,12,10
,85 años,19,15,4
,86 años,8,5,3
,87 años,16,5,11
,88 años,10,6,4
,89 años,21,4,17
,90 años,4,3,1
,91 años,10,4,6
,92 años,4,1,3
,93 años,6,4,2
,94 años,2,1,1
,95 años,1,0,1
,96 años,2,2,0
,97 años,4,2,2
,98 años,2,0,2
,No especificado,14,4,10
103 Tonila,Total,7919,3955,3964
,0 años,127,61,66
,1 años,126,59,67
,2 años,108,70,38
,3 años,139,75,64
,4 años,158,77,81
,5 años,132,65,67
,6 años,119,59,60
,7 años,152,70,82
,8 años,125,70,55
,9 años,132,66,66
,10 años,138,82,56
,11 años,172,94,78
,12 años,119,55,64
,13 años,143,64,79
,14 años,166,83,83
,15 años,173,83,90
,16 años,135,73,62
,17 años,162,81,81
,18 años,148,77,71
,19 años,145,82,63
,20 años,154,72,82
,21 años,158,84,74
,22 años,109,56,53
,23 años,113,62,51
,24 años,108,66,42
,25 años,106,40,66
,26 años,103,45,58
,27 años,97,49,48
,28 años,106,56,50
,29 años,97,52,45
,30 años,123,61,62
,31 años,90,34,56
,32 años,93,42,51
,33 años,85,37,48
,34 años,92,42,50
,35 años,96,63,33
,36 años,131,65,66
,37 años,97,52,45
,38 años,136,70,66
,39 años,104,48,56
,40 años,103,52,51
,41 años,102,46,56
,42 años,106,55,51
,43 años,89,42,47
,44 años,103,47,56
,45 años,104,55,49
,46 años,101,54,47
,47 años,89,36,53
,48 años,105,49,56
,49 años,92,38,54
,50 años,107,54,53
,51 años,73,33,40
,52 años,105,51,54
,53 años,88,41,47
,54 años,74,40,34
,55 años,75,37,38
,56 años,67,47,20
,57 años,71,46,25
,58 años,82,33,49
,59 años,61,29,32
,60 años,94,41,53
,61 años,34,13,21
,62 años,74,37,37
,63 años,37,13,24
,64 años,58,24,34
,65 años,56,35,21
,66 años,59,27,32
,67 años,54,21,33
,68 años,46,15,31
,69 años,57,31,26
,70 años,50,31,19
,71 años,41,23,18
,72 años,34,9,25
,73 años,39,19,20
,74 años,33,18,15
,75 años,49,22,27
,76 años,36,19,17
,77 años,32,22,10
,78 años,17,8,9
,79 años,28,12,16
,80 años,27,11,16
,81 años,10,6,4
,82 años,9,7,2
,83 años,12,5,7
,84 años,14,7,7
,85 años,26,20,6
,86 años,7,4,3
,87 años,10,5,5
,88 años,11,5,6
,89 años,6,2,4
,90 años,9,2,7
,91 años,3,1,2
,92 años,6,2,4
,93 años,3,2,1
,94 años,3,1,2
,96 años,3,1,2
,97 años,2,1,1
,98 años,7,1,6
,99 años,4,0,4
,100 años y más,1,1,0
,No especificado,4,4,0
104 Totatiche,Total,4412,2219,2193
,0 años,82,46,36
,1 años,64,34,30
,2 años,75,34,41
,3 años,84,48,36
,4 años,86,47,39
,5 años,64,28,36
,6 años,74,40,34
,7 años,82,41,41
,8 años,70,47,23
,9 años,57,38,19
,10 años,76,43,33
,11 años,62,32,30
,12 años,65,31,34
,13 años,62,42,20
,14 años,87,41,46
,15 años,61,35,26
,16 años,67,50,17
,17 años,84,48,36
,18 años,71,41,30
,19 años,68,31,37
,20 años,63,37,26
,21 años,72,33,39
,22 años,74,36,38
,23 años,67,31,36
,24 años,71,39,32
,25 años,67,33,34
,26 años,46,22,24
,27 años,52,24,28
,28 años,54,22,32
,29 años,56,30,26
,30 años,54,19,35
,31 años,48,24,24
,32 años,53,24,29
,33 años,58,23,35
,34 años,54,24,30
,35 años,69,42,27
,36 años,34,13,21
,37 años,38,15,23
,38 años,51,33,18
,39 años,62,35,27
,40 años,53,30,23
,41 años,58,31,27
,42 años,66,31,35
,43 años,59,28,31
,44 años,39,20,19
,45 años,53,26,27
,46 años,35,16,19
,47 años,45,22,23
,48 años,39,17,22
,49 años,52,24,28
,50 años,51,21,30
,51 años,42,18,24
,52 años,29,16,13
,53 años,39,15,24
,54 años,66,32,34
,55 años,32,19,13
,56 años,29,14,15
,57 años,38,19,19
,58 años,45,19,26
,59 años,47,25,22
,60 años,32,14,18
,61 años,20,9,11
,62 años,35,13,22
,63 años,31,12,19
,64 años,36,16,20
,65 años,46,24,22
,66 años,38,19,19
,67 años,39,25,14
,68 años,36,15,21
,69 años,26,14,12
,70 años,39,22,17
,71 años,29,14,15
,72 años,36,13,23
,73 años,37,16,21
,74 años,41,19,22
,75 años,25,15,10
,76 años,29,11,18
,77 años,27,10,17
,78 años,41,19,22
,79 años,24,9,15
,80 años,35,13,22
,81 años,34,18,16
,82 años,24,11,13
,83 años,32,10,22
,84 años,21,12,9
,85 años,10,7,3
,86 años,12,5,7
,87 años,18,7,11
,88 años,14,6,8
,89 años,13,8,5
,90 años,5,1,4
,91 años,3,3,0
,92 años,4,2,2
,93 años,6,3,3
,94 años,5,2,3
,95 años,3,1,2
,96 años,1,0,1
,97 años,2,2,0
,98 años,1,0,1
,99 años,1,0,1
105 Tototlán,Total,23171,11495,11676
,0 años,410,214,196
,1 años,431,230,201
,2 años,449,215,234
,3 años,455,241,214
,4 años,461,219,242
,5 años,480,265,215
,6 años,440,240,200
,7 años,445,235,210
,8 años,466,215,251
,9 años,525,260,265
,10 años,491,276,215
,11 años,469,250,219
,12 años,516,255,261
,13 años,437,246,191
,14 años,512,240,272
,15 años,473,234,239
,16 años,464,255,209
,17 años,415,206,209
,18 años,456,259,197
,19 años,371,214,157
,20 años,304,156,148
,21 años,399,199,200
,22 años,403,209,194
,23 años,330,152,178
,24 años,350,150,200
,25 años,374,189,185
,26 años,299,147,152
,27 años,304,140,164
,28 años,317,134,183
,29 años,337,178,159
,30 años,321,143,178
,31 años,274,131,143
,32 años,303,148,155
,33 años,314,150,164
,34 años,334,161,173
,35 años,373,138,235
,36 años,314,143,171
,37 años,329,162,167
,38 años,398,206,192
,39 años,301,144,157
,40 años,376,198,178
,41 años,297,146,151
,42 años,354,198,156
,43 años,297,137,160
,44 años,254,112,142
,45 años,264,112,152
,46 años,244,136,108
,47 años,224,123,101
,48 años,234,123,111
,49 años,229,103,126
,50 años,205,100,105
,51 años,155,60,95
,52 años,192,82,110
,53 años,182,85,97
,54 años,198,82,116
,55 años,148,82,66
,56 años,167,82,85
,57 años,168,88,80
,58 años,168,64,104
,59 años,164,75,89
,60 años,198,96,102
,61 años,113,42,71
,62 años,127,55,72
,63 años,135,70,65
,64 años,142,78,64
,65 años,185,88,97
,66 años,140,57,83
,67 años,136,65,71
,68 años,113,65,48
,69 años,116,66,50
,70 años,165,65,100
,71 años,76,42,34
,72 años,76,28,48
,73 años,110,53,57
,74 años,102,46,56
,75 años,100,45,55
,76 años,99,58,41
,77 años,51,20,31
,78 años,88,43,45
,79 años,43,24,19
,80 años,61,27,34
,81 años,43,30,13
,82 años,51,22,29
,83 años,36,18,18
,84 años,51,30,21
,85 años,38,16,22
,86 años,40,24,16
,87 años,27,18,9
,88 años,19,11,8
,89 años,24,7,17
,90 años,19,15,4
,91 años,24,5,19
,92 años,7,2,5
,93 años,13,5,8
,94 años,13,7,6
,95 años,8,6,2
,96 años,3,3,0
,97 años,2,0,2
,98 años,5,3,2
,99 años,5,3,2
,100 años y más,3,0,3
106 Tuxcacuesco,Total,4229,2148,2081
,0 años,79,31,48
,1 años,92,52,40
,2 años,92,48,44
,3 años,83,47,36
,4 años,90,42,48
,5 años,78,36,42
,6 años,80,47,33
,7 años,87,43,44
,8 años,80,44,36
,9 años,70,41,29
,10 años,79,41,38
,11 años,56,26,30
,12 años,65,34,31
,13 años,71,37,34
,14 años,77,40,37
,15 años,73,40,33
,16 años,66,33,33
,17 años,68,36,32
,18 años,56,26,30
,19 años,65,34,31
,20 años,71,41,30
,21 años,61,31,30
,22 años,81,35,46
,23 años,82,45,37
,24 años,86,46,40
,25 años,85,35,50
,26 años,72,32,40
,27 años,69,32,37
,28 años,77,36,41
,29 años,67,35,32
,30 años,63,28,35
,31 años,47,18,29
,32 años,58,30,28
,33 años,70,40,30
,34 años,63,30,33
,35 años,45,30,15
,36 años,65,38,27
,37 años,42,23,19
,38 años,45,23,22
,39 años,49,25,24
,40 años,79,46,33
,41 años,31,18,13
,42 años,51,25,26
,43 años,29,15,14
,44 años,39,19,20
,45 años,50,19,31
,46 años,30,14,16
,47 años,30,17,13
,48 años,39,20,19
,49 años,29,10,19
,50 años,40,22,18
,51 años,30,14,16
,52 años,30,17,13
,53 años,27,16,11
,54 años,35,13,22
,55 años,45,20,25
,56 años,31,13,18
,57 años,33,18,15
,58 años,42,22,20
,59 años,32,19,13
,60 años,38,17,21
,61 años,12,6,6
,62 años,33,16,17
,63 años,32,11,21
,64 años,28,17,11
,65 años,42,26,16
,66 años,33,15,18
,67 años,26,12,14
,68 años,32,18,14
,69 años,24,11,13
,70 años,34,19,15
,71 años,22,12,10
,72 años,27,12,15
,73 años,24,15,9
,74 años,29,16,13
,75 años,19,6,13
,76 años,13,6,7
,77 años,25,14,11
,78 años,22,11,11
,79 años,17,15,2
,80 años,16,5,11
,81 años,10,8,2
,82 años,8,5,3
,83 años,14,6,8
,84 años,12,5,7
,85 años,17,8,9
,86 años,5,4,1
,87 años,6,3,3
,88 años,12,7,5
,89 años,8,5,3
,90 años,6,1,5
,91 años,3,0,3
,92 años,6,2,4
,93 años,3,1,2
,94 años,1,1,0
,95 años,2,0,2
,96 años,2,1,1
,97 años,4,1,3
,99 años,1,0,1
,No especificado,4,2,2
107 Tuxcueca,Total,6156,2946,3210
,0 años,129,50,79
,1 años,105,51,54
,2 años,126,48,78
,3 años,123,58,65
,4 años,138,66,72
,5 años,135,69,66
,6 años,149,80,69
,7 años,132,57,75
,8 años,137,67,70
,9 años,164,83,81
,10 años,109,49,60
,11 años,133,69,64
,12 años,106,38,68
,13 años,122,71,51
,14 años,116,55,61
,15 años,113,54,59
,16 años,115,76,39
,17 años,109,45,64
,18 años,100,45,55
,19 años,81,41,40
,20 años,80,36,44
,21 años,87,43,44
,22 años,91,38,53
,23 años,95,46,49
,24 años,94,43,51
,25 años,87,48,39
,26 años,76,30,46
,27 años,108,52,56
,28 años,98,51,47
,29 años,81,42,39
,30 años,97,35,62
,31 años,62,25,37
,32 años,98,50,48
,33 años,66,35,31
,34 años,73,34,39
,35 años,82,34,48
,36 años,92,44,48
,37 años,73,34,39
,38 años,81,43,38
,39 años,76,39,37
,40 años,93,53,40
,41 años,68,31,37
,42 años,77,42,35
,43 años,74,37,37
,44 años,59,31,28
,45 años,64,36,28
,46 años,54,19,35
,47 años,47,23,24
,48 años,42,17,25
,49 años,47,20,27
,50 años,59,27,32
,51 años,33,19,14
,52 años,58,19,39
,53 años,45,27,18
,54 años,57,30,27
,55 años,59,24,35
,56 años,47,14,33
,57 años,54,23,31
,58 años,53,26,27
,59 años,60,21,39
,60 años,52,28,24
,61 años,39,24,15
,62 años,49,25,24
,63 años,40,15,25
,64 años,32,15,17
,65 años,61,35,26
,66 años,54,28,26
,67 años,35,23,12
,68 años,43,19,24
,69 años,8,4,4
,70 años,44,24,20
,71 años,20,6,14
,72 años,36,18,18
,73 años,25,15,10
,74 años,36,15,21
,75 años,27,13,14
,76 años,27,11,16
,77 años,18,13,5
,78 años,19,5,14
,79 años,11,3,8
,80 años,30,15,15
,81 años,10,3,7
,82 años,13,5,8
,83 años,17,11,6
,84 años,21,13,8
,85 años,23,10,13
,86 años,10,8,2
,87 años,13,5,8
,88 años,8,2,6
,89 años,13,6,7
,91 años,3,3,0
,92 años,2,1,1
,93 años,9,3,6
,94 años,2,1,1
,95 años,3,1,2
,96 años,2,2,0
,97 años,3,1,2
,98 años,1,0,1
,99 años,2,2,0
,100 años y más,6,2,4
108 Tuxpan,Total,34535,16761,17774
,0 años,602,287,315
,1 años,552,268,284
,2 años,692,389,303
,3 años,759,397,362
,4 años,658,348,310
,5 años,722,362,360
,6 años,718,406,312
,7 años,760,404,356
,8 años,703,389,314
,9 años,646,331,315
,10 años,695,360,335
,11 años,611,306,305
,12 años,690,324,366
,13 años,612,313,299
,14 años,676,337,339
,15 años,587,293,294
,16 años,579,257,322
,17 años,633,310,323
,18 años,638,388,250
,19 años,545,280,265
,20 años,560,249,311
,21 años,529,230,299
,22 años,650,348,302
,23 años,602,309,293
,24 años,597,252,345
,25 años,559,240,319
,26 años,532,252,280
,27 años,520,252,268
,28 años,606,279,327
,29 años,506,252,254
,30 años,618,294,324
,31 años,379,197,182
,32 años,511,239,272
,33 años,438,194,244
,34 años,482,211,271
,35 años,439,219,220
,36 años,482,200,282
,37 años,511,250,261
,38 años,456,218,238
,39 años,432,204,228
,40 años,402,196,206
,41 años,348,179,169
,42 años,474,193,281
,43 años,361,173,188
,44 años,357,152,205
,45 años,383,218,165
,46 años,338,161,177
,47 años,336,178,158
,48 años,372,172,200
,49 años,400,189,211
,50 años,409,175,234
,51 años,282,141,141
,52 años,374,169,205
,53 años,263,109,154
,54 años,343,163,180
,55 años,282,120,162
,56 años,301,145,156
,57 años,261,124,137
,58 años,279,118,161
,59 años,278,105,173
,60 años,369,150,219
,61 años,202,96,106
,62 años,284,133,151
,63 años,252,141,111
,64 años,223,86,137
,65 años,276,131,145
,66 años,226,107,119
,67 años,152,78,74
,68 años,194,104,90
,69 años,184,99,85
,70 años,137,63,74
,71 años,118,40,78
,72 años,164,88,76
,73 años,136,46,90
,74 años,132,81,51
,75 años,96,36,60
,76 años,74,34,40
,77 años,110,65,45
,78 años,111,37,74
,79 años,78,28,50
,80 años,100,40,60
,81 años,23,7,16
,82 años,70,22,48
,83 años,85,33,52
,84 años,72,43,29
,85 años,54,27,27
,86 años,58,27,31
,87 años,42,23,19
,88 años,32,17,15
,89 años,13,5,8
,90 años,28,10,18
,91 años,12,0,12
,92 años,29,14,15
,93 años,24,14,10
,94 años,2,0,2
,95 años,7,4,3
,96 años,3,0,3
,97 años,3,0,3
,98 años,11,8,3
,99 años,3,0,3
,100 años y más,6,3,3
,No especificado,10,3,7
109 Unión de San Antonio,Total,17915,8667,9248
,0 años,326,146,180
,1 años,339,186,153
,2 años,314,144,170
,3 años,327,142,185
,4 años,336,138,198
,5 años,390,202,188
,6 años,330,195,135
,7 años,367,174,193
,8 años,404,227,177
,9 años,315,155,160
,10 años,399,214,185
,11 años,335,167,168
,12 años,375,221,154
,13 años,420,253,167
,14 años,394,187,207
,15 años,377,203,174
,16 años,378,197,181
,17 años,320,153,167
,18 años,325,153,172
,19 años,337,174,163
,20 años,323,141,182
,21 años,286,152,134
,22 años,383,157,226
,23 años,272,135,137
,24 años,312,145,167
,25 años,286,137,149
,26 años,279,115,164
,27 años,266,115,151
,28 años,266,121,145
,29 años,263,110,153
,30 años,300,138,162
,31 años,195,94,101
,32 años,308,151,157
,33 años,261,152,109
,34 años,246,113,133
,35 años,223,93,130
,36 años,216,91,125
,37 años,250,116,134
,38 años,252,126,126
,39 años,209,105,104
,40 años,272,131,141
,41 años,181,79,102
,42 años,238,122,116
,43 años,213,103,110
,44 años,208,96,112
,45 años,181,83,98
,46 años,157,83,74
,47 años,177,78,99
,48 años,168,74,94
,49 años,173,99,74
,50 años,158,72,86
,51 años,123,58,65
,52 años,152,85,67
,53 años,155,73,82
,54 años,142,57,85
,55 años,144,58,86
,56 años,106,53,53
,57 años,134,64,70
,58 años,151,56,95
,59 años,105,51,54
,60 años,143,71,72
,61 años,67,33,34
,62 años,76,34,42
,63 años,123,47,76
,64 años,132,55,77
,65 años,124,47,77
,66 años,106,42,64
,67 años,79,33,46
,68 años,81,35,46
,69 años,105,63,42
,70 años,104,57,47
,71 años,33,19,14
,72 años,102,53,49
,73 años,59,28,31
,74 años,83,39,44
,75 años,53,22,31
,76 años,38,10,28
,77 años,54,29,25
,78 años,37,13,24
,79 años,50,22,28
,80 años,71,31,40
,81 años,27,10,17
,82 años,47,29,18
,83 años,39,16,23
,84 años,25,15,10
,85 años,35,14,21
,86 años,31,17,14
,87 años,9,2,7
,88 años,13,9,4
,89 años,19,6,13
,90 años,24,16,8
,91 años,13,7,6
,92 años,11,3,8
,93 años,9,4,5
,94 años,7,3,4
,95 años,5,2,3
,96 años,6,6,0
,97 años,4,0,4
,98 años,4,2,2
,99 años,4,2,2
,100 años y más,4,2,2
,No especificado,17,6,11
110 Unión de Tula,Total,13446,6498,6948
,0 años,198,96,102
,1 años,230,122,108
,2 años,284,142,142
,3 años,232,126,106
,4 años,258,136,122
,5 años,256,134,122
,6 años,236,114,122
,7 años,254,122,132
,8 años,284,132,152
,9 años,240,132,108
,10 años,232,120,112
,11 años,224,106,118
,12 años,228,126,102
,13 años,204,86,118
,14 años,238,136,102
,15 años,216,116,100
,16 años,204,112,92
,17 años,228,106,122
,18 años,236,138,98
,19 años,210,90,120
,20 años,230,102,128
,21 años,196,82,114
,22 años,218,102,116
,23 años,226,110,116
,24 años,212,110,102
,25 años,180,90,90
,26 años,182,88,94
,27 años,190,80,110
,28 años,178,80,98
,29 años,176,70,106
,30 años,200,94,106
,31 años,170,64,106
,32 años,164,64,100
,33 años,166,82,84
,34 años,172,90,82
,35 años,156,68,88
,36 años,150,60,90
,37 años,136,74,62
,38 años,182,76,106
,39 años,128,68,60
,40 años,174,70,104
,41 años,156,72,84
,42 años,178,74,104
,43 años,174,90,84
,44 años,168,78,90
,45 años,156,74,82
,46 años,124,68,56
,47 años,122,62,60
,48 años,168,92,76
,49 años,170,74,96
,50 años,192,72,120
,51 años,100,44,56
,52 años,126,46,80
,53 años,136,74,62
,54 años,142,76,66
,55 años,114,42,72
,56 años,116,58,58
,57 años,118,54,64
,58 años,138,44,94
,59 años,140,62,78
,60 años,112,64,48
,61 años,76,34,42
,62 años,88,40,48
,63 años,118,52,66
,64 años,94,52,42
,65 años,118,64,54
,66 años,100,56,44
,67 años,68,40,28
,68 años,100,40,60
,69 años,70,34,36
,70 años,126,56,70
,71 años,52,36,16
,72 años,92,40,52
,73 años,94,44,50
,74 años,70,38,32
,75 años,88,46,42
,76 años,66,38,28
,77 años,56,28,28
,78 años,76,38,38
,79 años,40,20,20
,80 años,50,32,18
,81 años,46,24,22
,82 años,48,24,24
,83 años,46,16,30
,84 años,54,24,30
,85 años,48,22,26
,86 años,32,18,14
,87 años,26,14,12
,88 años,24,10,14
,89 años,22,16,6
,90 años,36,20,16
,91 años,12,4,8
,92 años,14,4,10
,93 años,12,10,2
,94 años,16,6,10
,95 años,10,4,6
,96 años,6,4,2
,98 años,4,2,2
,99 años,4,2,2
,100 años y más,8,2,6
,No especificado,8,8,0
111 Valle de Guadalupe,Total,6924,3421,3503
,0 años,126,41,85
,1 años,148,73,75
,2 años,142,64,78
,3 años,145,76,69
,4 años,132,71,61
,5 años,144,75,69
,6 años,120,61,59
,7 años,139,86,53
,8 años,147,83,64
,9 años,135,58,77
,10 años,104,42,62
,11 años,132,61,71
,12 años,139,67,72
,13 años,126,63,63
,14 años,117,61,56
,15 años,157,82,75
,16 años,127,68,59
,17 años,120,57,63
,18 años,116,77,39
,19 años,120,61,59
,20 años,102,56,46
,21 años,109,50,59
,22 años,114,57,57
,23 años,126,63,63
,24 años,107,54,53
,25 años,116,60,56
,26 años,125,65,60
,27 años,102,54,48
,28 años,111,59,52
,29 años,118,52,66
,30 años,114,58,56
,31 años,88,49,39
,32 años,89,47,42
,33 años,80,39,41
,34 años,93,49,44
,35 años,86,31,55
,36 años,94,44,50
,37 años,78,38,40
,38 años,92,48,44
,39 años,84,43,41
,40 años,107,46,61
,41 años,83,35,48
,42 años,103,53,50
,43 años,88,48,40
,44 años,84,46,38
,45 años,66,33,33
,46 años,71,32,39
,47 años,68,37,31
,48 años,83,28,55
,49 años,76,38,38
,50 años,68,40,28
,51 años,69,29,40
,52 años,79,44,35
,53 años,63,29,34
,54 años,49,21,28
,55 años,55,18,37
,56 años,44,26,18
,57 años,45,23,22
,58 años,48,13,35
,59 años,50,22,28
,60 años,52,21,31
,61 años,36,18,18
,62 años,46,18,28
,63 años,47,23,24
,64 años,40,13,27
,65 años,42,15,27
,66 años,48,31,17
,67 años,45,25,20
,68 años,31,16,15
,69 años,30,16,14
,70 años,34,20,14
,71 años,28,14,14
,72 años,31,13,18
,73 años,34,15,19
,74 años,38,14,24
,75 años,27,15,12
,76 años,26,12,14
,77 años,23,10,13
,78 años,17,8,9
,79 años,20,15,5
,80 años,29,20,9
,81 años,19,11,8
,82 años,25,7,18
,83 años,13,6,7
,84 años,15,11,4
,85 años,9,3,6
,86 años,14,5,9
,87 años,8,6,2
,88 años,5,1,4
,89 años,3,1,2
,90 años,11,4,7
,91 años,0,0,0
,92 años,3,2,1
,93 años,7,5,2
,94 años,3,1,2
,96 años,2,2,0
112 Valle de Juárez,Total,5389,2630,2759
,0 años,82,45,37
,1 años,69,44,25
,2 años,102,53,49
,3 años,98,61,37
,4 años,97,54,43
,5 años,92,45,47
,6 años,108,56,52
,7 años,84,43,41
,8 años,101,48,53
,9 años,88,45,43
,10 años,106,49,57
,11 años,98,58,40
,12 años,99,53,46
,13 años,97,48,49
,14 años,75,38,37
,15 años,98,66,32
,16 años,113,61,52
,17 años,87,39,48
,18 años,83,42,41
,19 años,76,42,34
,20 años,80,38,42
,21 años,67,27,40
,22 años,68,31,37
,23 años,98,53,45
,24 años,81,40,41
,25 años,67,24,43
,26 años,81,32,49
,27 años,66,38,28
,28 años,82,36,46
,29 años,66,22,44
,30 años,71,32,39
,31 años,52,28,24
,32 años,57,30,27
,33 años,70,34,36
,34 años,69,36,33
,35 años,83,43,40
,36 años,59,16,43
,37 años,58,17,41
,38 años,72,30,42
,39 años,66,28,38
,40 años,72,36,36
,41 años,61,27,34
,42 años,85,47,38
,43 años,69,32,37
,44 años,66,28,38
,45 años,64,30,34
,46 años,58,36,22
,47 años,60,22,38
,48 años,68,34,34
,49 años,45,15,30
,50 años,67,32,35
,51 años,45,23,22
,52 años,64,26,38
,53 años,64,30,34
,54 años,55,26,29
,55 años,49,28,21
,56 años,53,23,30
,57 años,45,24,21
,58 años,58,22,36
,59 años,44,15,29
,60 años,70,29,41
,61 años,32,11,21
,62 años,49,33,16
,63 años,55,31,24
,64 años,50,21,29
,65 años,71,20,51
,66 años,25,11,14
,67 años,40,21,19
,68 años,41,22,19
,69 años,43,26,17
,70 años,54,31,23
,71 años,20,11,9
,72 años,29,16,13
,73 años,28,10,18
,74 años,29,15,14
,75 años,34,15,19
,76 años,25,13,12
,77 años,35,21,14
,78 años,25,12,13
,79 años,17,5,12
,80 años,17,6,11
,81 años,7,1,6
,82 años,23,10,13
,83 años,15,8,7
,84 años,12,8,4
,85 años,10,5,5
,86 años,17,8,9
,87 años,6,2,4
,88 años,10,6,4
,89 años,7,2,5
,90 años,11,8,3
,91 años,6,2,4
,92 años,4,4,0
,93 años,3,3,0
,94 años,3,0,3
,95 años,3,0,3
,98 años,2,0,2
,100 años y más,1,0,1
,No especificado,2,2,0
113 San Gabriel,Total,16105,7847,8258
,0 años,316,163,153
,1 años,274,128,146
,2 años,374,202,172
,3 años,348,196,152
,4 años,308,133,175
,5 años,346,191,155
,6 años,302,141,161
,7 años,341,164,177
,8 años,258,132,126
,9 años,313,156,157
,10 años,351,155,196
,11 años,294,158,136
,12 años,265,142,123
,13 años,237,115,122
,14 años,290,153,137
,15 años,241,142,99
,16 años,261,117,144
,17 años,252,141,111
,18 años,257,116,141
,19 años,229,119,110
,20 años,248,116,132
,21 años,220,117,103
,22 años,250,116,134
,23 años,265,116,149
,24 años,260,107,153
,25 años,279,128,151
,26 años,259,124,135
,27 años,288,165,123
,28 años,294,124,170
,29 años,265,113,152
,30 años,263,115,148
,31 años,188,77,111
,32 años,234,124,110
,33 años,213,97,116
,34 años,225,128,97
,35 años,206,99,107
,36 años,241,95,146
,37 años,221,92,129
,38 años,231,116,115
,39 años,201,86,115
,40 años,192,94,98
,41 años,145,77,68
,42 años,215,122,93
,43 años,166,76,90
,44 años,213,92,121
,45 años,211,115,96
,46 años,156,95,61
,47 años,146,74,72
,48 años,170,70,100
,49 años,133,64,69
,50 años,159,86,73
,51 años,133,70,63
,52 años,136,65,71
,53 años,163,83,80
,54 años,125,61,64
,55 años,154,80,74
,56 años,111,43,68
,57 años,141,75,66
,58 años,144,56,88
,59 años,118,64,54
,60 años,138,66,72
,61 años,81,51,30
,62 años,134,59,75
,63 años,85,42,43
,64 años,84,33,51
,65 años,138,58,80
,66 años,100,44,56
,67 años,111,66,45
,68 años,99,48,51
,69 años,64,26,38
,70 años,96,38,58
,71 años,69,21,48
,72 años,108,49,59
,73 años,80,39,41
,74 años,85,39,46
,75 años,106,59,47
,76 años,69,40,29
,77 años,79,40,39
,78 años,72,49,23
,79 años,35,20,15
,80 años,43,22,21
,81 años,29,5,24
,82 años,28,13,15
,83 años,45,21,24
,84 años,47,22,25
,85 años,46,21,25
,86 años,20,11,9
,87 años,29,6,23
,88 años,10,5,5
,89 años,21,8,13
,90 años,19,7,12
,91 años,3,0,3
,92 años,18,7,11
,93 años,12,2,10
,94 años,9,4,5
,95 años,14,6,8
,96 años,3,3,0
,100 años y más,5,2,3
,No especificado,32,14,18
114 Villa Corona,Total,17824,8731,9093
,0 años,248,104,144
,1 años,368,195,173
,2 años,365,204,161
,3 años,374,195,179
,4 años,378,209,169
,5 años,417,229,188
,6 años,318,163,155
,7 años,377,183,194
,8 años,334,166,168
,9 años,352,162,190
,10 años,388,212,176
,11 años,303,156,147
,12 años,322,146,176
,13 años,256,113,143
,14 años,313,155,158
,15 años,319,154,165
,16 años,289,135,154
,17 años,296,128,168
,18 años,333,180,153
,19 años,264,136,128
,20 años,296,160,136
,21 años,268,124,144
,22 años,324,156,168
,23 años,304,127,177
,24 años,239,156,83
,25 años,277,118,159
,26 años,264,118,146
,27 años,248,109,139
,28 años,273,133,140
,29 años,242,128,114
,30 años,308,129,179
,31 años,206,90,116
,32 años,293,137,156
,33 años,237,138,99
,34 años,291,142,149
,35 años,233,100,133
,36 años,173,98,75
,37 años,193,100,93
,38 años,236,108,128
,39 años,179,78,101
,40 años,243,116,127
,41 años,204,84,120
,42 años,245,133,112
,43 años,187,84,103
,44 años,199,81,118
,45 años,222,106,116
,46 años,189,99,90
,47 años,191,96,95
,48 años,195,93,102
,49 años,166,75,91
,50 años,208,79,129
,51 años,136,68,68
,52 años,183,87,96
,53 años,151,69,82
,54 años,189,99,90
,55 años,144,76,68
,56 años,186,93,93
,57 años,141,68,73
,58 años,144,63,81
,59 años,123,46,77
,60 años,165,86,79
,61 años,103,39,64
,62 años,151,78,73
,63 años,92,36,56
,64 años,86,43,43
,65 años,133,71,62
,66 años,108,50,58
,67 años,110,59,51
,68 años,130,63,67
,69 años,90,44,46
,70 años,147,58,89
,71 años,90,48,42
,72 años,112,44,68
,73 años,96,45,51
,74 años,119,63,56
,75 años,89,53,36
,76 años,51,33,18
,77 años,83,51,32
,78 años,71,47,24
,79 años,51,28,23
,80 años,58,38,20
,81 años,33,14,19
,82 años,46,26,20
,83 años,34,17,17
,84 años,45,16,29
,85 años,25,17,8
,86 años,26,14,12
,87 años,14,4,10
,88 años,12,7,5
,89 años,24,9,15
,90 años,24,11,13
,91 años,10,10,0
,92 años,17,9,8
,93 años,7,6,1
,94 años,10,3,7
,95 años,3,0,3
,97 años,4,0,4
,98 años,7,0,7
,100 años y más,4,2,2
115 Villa Guerrero,Total,5417,2661,2756
,0 años,128,93,35
,1 años,106,59,47
,2 años,98,51,47
,3 años,140,69,71
,4 años,133,61,72
,5 años,131,65,66
,6 años,89,52,37
,7 años,109,55,54
,8 años,86,42,44
,9 años,95,52,43
,10 años,128,70,58
,11 años,112,51,61
,12 años,92,38,54
,13 años,91,43,48
,14 años,124,66,58
,15 años,95,45,50
,16 años,99,53,46
,17 años,99,61,38
,18 años,120,65,55
,19 años,80,41,39
,20 años,96,41,55
,21 años,61,35,26
,22 años,78,24,54
,23 años,89,39,50
,24 años,79,46,33
,25 años,85,43,42
,26 años,83,35,48
,27 años,66,28,38
,28 años,80,36,44
,29 años,60,36,24
,30 años,73,30,43
,31 años,50,27,23
,32 años,93,39,54
,33 años,50,24,26
,34 años,70,32,38
,35 años,73,39,34
,36 años,63,29,34
,37 años,55,24,31
,38 años,60,26,34
,39 años,39,19,20
,40 años,81,48,33
,41 años,44,23,21
,42 años,63,35,28
,43 años,39,17,22
,44 años,40,20,20
,45 años,57,26,31
,46 años,43,25,18
,47 años,39,12,27
,48 años,39,18,21
,49 años,43,23,20
,50 años,60,33,27
,51 años,29,13,16
,52 años,54,23,31
,53 años,46,22,24
,54 años,50,21,29
,55 años,42,19,23
,56 años,42,19,23
,57 años,52,20,32
,58 años,23,9,14
,59 años,31,19,12
,60 años,56,28,28
,61 años,25,12,13
,62 años,42,23,19
,63 años,40,21,19
,64 años,36,9,27
,65 años,54,23,31
,66 años,41,21,20
,67 años,27,9,18
,68 años,41,20,21
,69 años,28,12,16
,70 años,49,25,24
,71 años,21,9,12
,72 años,38,15,23
,73 años,35,21,14
,74 años,33,17,16
,75 años,35,16,19
,76 años,28,15,13
,77 años,21,6,15
,78 años,26,11,15
,79 años,25,13,12
,80 años,32,14,18
,81 años,21,9,12
,82 años,29,11,18
,83 años,17,7,10
,84 años,27,14,13
,85 años,12,5,7
,86 años,12,9,3
,87 años,6,2,4
,88 años,8,4,4
,89 años,12,3,9
,90 años,20,10,10
,91 años,6,2,4
,92 años,4,2,2
,93 años,11,4,7
,94 años,9,4,5
,95 años,3,0,3
,96 años,3,2,1
,98 años,4,0,4
,100 años y más,2,2,0
,No especificado,3,2,1
116 Villa Hidalgo,Total,20257,9712,10545
,0 años,342,152,190
,1 años,406,191,215
,2 años,437,239,198
,3 años,416,211,205
,4 años,424,198,226
,5 años,438,227,211
,6 años,438,209,229
,7 años,432,235,197
,8 años,450,255,195
,9 años,406,193,213
,10 años,424,218,206
,11 años,426,175,251
,12 años,448,231,217
,13 años,432,213,219
,14 años,432,223,209
,15 años,368,186,182
,16 años,352,182,170
,17 años,389,216,173
,18 años,395,197,198
,19 años,359,190,169
,20 años,359,165,194
,21 años,378,172,206
,22 años,358,155,203
,23 años,287,146,141
,24 años,317,154,163
,25 años,298,123,175
,26 años,296,122,174
,27 años,300,112,188
,28 años,273,138,135
,29 años,286,107,179
,30 años,355,149,206
,31 años,236,131,105
,32 años,301,143,158
,33 años,292,158,134
,34 años,280,120,160
,35 años,256,127,129
,36 años,261,106,155
,37 años,297,143,154
,38 años,280,129,151
,39 años,232,120,112
,40 años,329,141,188
,41 años,240,112,128
,42 años,288,140,148
,43 años,229,117,112
,44 años,187,86,101
,45 años,256,112,144
,46 años,224,102,122
,47 años,218,85,133
,48 años,225,113,112
,49 años,217,106,111
,50 años,239,119,120
,51 años,148,75,73
,52 años,191,99,92
,53 años,159,85,74
,54 años,180,81,99
,55 años,133,51,82
,56 años,165,66,99
,57 años,129,54,75
,58 años,115,58,57
,59 años,140,63,77
,60 años,161,57,104
,61 años,118,49,69
,62 años,101,65,36
,63 años,98,42,56
,64 años,96,41,55
,65 años,117,51,66
,66 años,103,30,73
,67 años,102,62,40
,68 años,105,55,50
,69 años,54,23,31
,70 años,95,42,53
,71 años,71,44,27
,72 años,75,39,36
,73 años,68,29,39
,74 años,68,35,33
,75 años,48,25,23
,76 años,55,29,26
,77 años,33,14,19
,78 años,39,29,10
,79 años,29,10,19
,80 años,54,23,31
,81 años,42,27,15
,82 años,29,19,10
,83 años,59,29,30
,84 años,34,15,19
,85 años,27,14,13
,86 años,19,10,9
,87 años,42,16,26
,88 años,16,8,8
,89 años,24,8,16
,90 años,25,12,13
,91 años,26,13,13
,92 años,17,7,10
,93 años,8,4,4
,94 años,3,0,3
,95 años,11,5,6
,97 años,4,0,4
,98 años,2,0,2
,No especificado,11,5,6
117 Cañadas de Obregón,Total,4110,2020,2090
,0 años,75,36,39
,1 años,62,35,27
,2 años,75,39,36
,3 años,82,51,31
,4 años,67,32,35
,5 años,51,26,25
,6 años,87,40,47
,7 años,78,37,41
,8 años,70,41,29
,9 años,74,37,37
,10 años,78,45,33
,11 años,54,26,28
,12 años,71,34,37
,13 años,67,42,25
,14 años,67,29,38
,15 años,68,32,36
,16 años,60,34,26
,17 años,63,32,31
,18 años,63,31,32
,19 años,55,32,23
,20 años,52,33,19
,21 años,65,33,32
,22 años,54,30,24
,23 años,66,24,42
,24 años,72,22,50
,25 años,69,25,44
,26 años,59,24,35
,27 años,46,26,20
,28 años,58,25,33
,29 años,58,34,24
,30 años,64,30,34
,31 años,53,28,25
,32 años,51,22,29
,33 años,57,25,32
,34 años,48,29,19
,35 años,39,26,13
,36 años,40,15,25
,37 años,48,30,18
,38 años,49,22,27
,39 años,54,29,25
,40 años,47,17,30
,41 años,43,24,19
,42 años,67,33,34
,43 años,43,22,21
,44 años,47,27,20
,45 años,37,20,17
,46 años,43,18,25
,47 años,48,26,22
,48 años,43,12,31
,49 años,44,21,23
,50 años,54,22,32
,51 años,39,11,28
,52 años,44,23,21
,53 años,47,27,20
,54 años,40,23,17
,55 años,41,15,26
,56 años,38,18,20
,57 años,38,17,21
,58 años,36,19,17
,59 años,32,15,17
,60 años,43,20,23
,61 años,30,13,17
,62 años,40,18,22
,63 años,29,11,18
,64 años,38,16,22
,65 años,42,23,19
,66 años,27,9,18
,67 años,25,10,15
,68 años,36,21,15
,69 años,36,19,17
,70 años,39,22,17
,71 años,29,11,18
,72 años,31,17,14
,73 años,23,13,10
,74 años,32,14,18
,75 años,30,15,15
,76 años,26,13,13
,77 años,36,14,22
,78 años,22,10,12
,79 años,17,11,6
,80 años,17,6,11
,81 años,12,5,7
,82 años,15,5,10
,83 años,11,7,4
,84 años,15,8,7
,85 años,15,11,4
,86 años,6,4,2
,87 años,6,2,4
,88 años,8,5,3
,89 años,4,2,2
,90 años,6,1,5
,91 años,3,1,2
,92 años,4,0,4
,93 años,2,1,1
,94 años,5,3,2
,95 años,3,1,2
,96 años,4,2,2
,99 años,2,2,0
,100 años y más,1,1,0
118 Yahualica de González Gallo,Total,22586,10812,11774
,0 años,318,171,147
,1 años,315,182,133
,2 años,406,197,209
,3 años,395,202,193
,4 años,438,211,227
,5 años,420,229,191
,6 años,397,172,225
,7 años,467,241,226
,8 años,455,220,235
,9 años,424,184,240
,10 años,425,242,183
,11 años,408,216,192
,12 años,425,228,197
,13 años,396,203,193
,14 años,437,220,217
,15 años,381,191,190
,16 años,415,209,206
,17 años,340,183,157
,18 años,385,194,191
,19 años,273,137,136
,20 años,342,169,173
,21 años,357,159,198
,22 años,296,133,163
,23 años,376,165,211
,24 años,307,143,164
,25 años,311,153,158
,26 años,397,170,227
,27 años,289,134,155
,28 años,285,123,162
,29 años,274,102,172
,30 años,345,174,171
,31 años,242,120,122
,32 años,288,135,153
,33 años,307,120,187
,34 años,249,126,123
,35 años,355,159,196
,36 años,234,117,117
,37 años,306,158,148
,38 años,262,134,128
,39 años,303,154,149
,40 años,335,150,185
,41 años,238,113,125
,42 años,382,192,190
,43 años,299,151,148
,44 años,244,118,126
,45 años,266,106,160
,46 años,279,115,164
,47 años,245,131,114
,48 años,242,105,137
,49 años,249,109,140
,50 años,290,134,156
,51 años,170,83,87
,52 años,239,111,128
,53 años,224,103,121
,54 años,224,120,104
,55 años,220,92,128
,56 años,199,77,122
,57 años,177,68,109
,58 años,204,106,98
,59 años,184,84,100
,60 años,208,93,115
,61 años,134,49,85
,62 años,176,91,85
,63 años,193,71,122
,64 años,171,69,102
,65 años,219,82,137
,66 años,176,95,81
,67 años,142,70,72
,68 años,173,84,89
,69 años,146,68,78
,70 años,163,70,93
,71 años,131,63,68
,72 años,124,49,75
,73 años,151,72,79
,74 años,134,72,62
,75 años,129,68,61
,76 años,80,42,38
,77 años,106,37,69
,78 años,77,26,51
,79 años,71,20,51
,80 años,77,42,35
,81 años,50,35,15
,82 años,81,39,42
,83 años,45,22,23
,84 años,74,28,46
,85 años,86,53,33
,86 años,56,29,27
,87 años,49,29,20
,88 años,25,7,18
,89 años,42,16,26
,90 años,37,25,12
,91 años,12,9,3
,92 años,12,4,8
,93 años,17,8,9
,94 años,5,0,5
,95 años,8,8,0
,96 años,11,5,6
,97 años,12,5,7
,98 años,7,5,2
,99 años,8,2,6
,100 años y más,8,2,6
,No especificado,5,0,5
119 Zacoalco de Torres,Total,28205,14038,14167
,0 años,518,306,212
,1 años,535,288,247
,2 años,469,240,229
,3 años,566,289,277
,4 años,561,224,337
,5 años,508,318,190
,6 años,562,285,277
,7 años,498,233,265
,8 años,475,263,212
,9 años,595,281,314
,10 años,532,280,252
,11 años,568,267,301
,12 años,554,274,280
,13 años,502,260,242
,14 años,576,317,259
,15 años,487,258,229
,16 años,510,247,263
,17 años,546,248,298
,18 años,570,295,275
,19 años,402,220,182
,20 años,470,259,211
,21 años,442,245,197
,22 años,510,243,267
,23 años,425,231,194
,24 años,439,234,205
,25 años,444,238,206
,26 años,421,204,217
,27 años,365,192,173
,28 años,423,204,219
,29 años,359,177,182
,30 años,462,233,229
,31 años,311,145,166
,32 años,423,224,199
,33 años,369,170,199
,34 años,384,172,212
,35 años,355,154,201
,36 años,348,165,183
,37 años,344,150,194
,38 años,425,188,237
,39 años,357,166,191
,40 años,470,239,231
,41 años,303,169,134
,42 años,391,176,215
,43 años,396,202,194
,44 años,296,153,143
,45 años,347,172,175
,46 años,253,127,126
,47 años,305,149,156
,48 años,303,154,149
,49 años,312,153,159
,50 años,298,148,150
,51 años,206,106,100
,52 años,275,156,119
,53 años,257,122,135
,54 años,259,111,148
,55 años,220,82,138
,56 años,244,87,157
,57 años,221,105,116
,58 años,212,128,84
,59 años,207,104,103
,60 años,249,108,141
,61 años,141,66,75
,62 años,173,81,92
,63 años,144,70,74
,64 años,191,84,107
,65 años,239,126,113
,66 años,133,62,71
,67 años,155,65,90
,68 años,162,74,88
,69 años,135,60,75
,70 años,159,77,82
,71 años,108,41,67
,72 años,155,86,69
,73 años,106,39,67
,74 años,166,70,96
,75 años,144,83,61
,76 años,129,72,57
,77 años,121,59,62
,78 años,97,46,51
,79 años,56,31,25
,80 años,89,36,53
,81 años,61,36,25
,82 años,103,65,38
,83 años,62,15,47
,84 años,60,28,32
,85 años,80,39,41
,86 años,46,20,26
,87 años,56,24,32
,88 años,46,22,24
,89 años,38,18,20
,90 años,25,11,14
,91 años,25,12,13
,92 años,33,18,15
,93 años,18,8,10
,94 años,37,20,17
,95 años,17,6,11
,96 años,6,3,3
,97 años,20,17,3
,98 años,11,6,5
,99 años,6,0,6
,100 años y más,18,4,14
120 Zapopan,Total,1332272,649671,682601
,0 años,22123,11336,10787
,1 años,21421,11009,10412
,2 años,22078,11082,10996
,3 años,23549,12115,11434
,4 años,22091,11435,10656
,5 años,22723,11734,10989
,6 años,22640,11689,10951
,7 años,22730,11182,11548
,8 años,22841,11511,11330
,9 años,21565,10910,10655
,10 años,23265,11783,11482
,11 años,22695,11227,11468
,12 años,23902,11776,12126
,13 años,22364,10805,11559
,14 años,24618,12049,12569
,15 años,22234,10705,11529
,16 años,22674,11593,11081
,17 años,22515,11464,11051
,18 años,25469,12727,12742
,19 años,24778,12209,12569
,20 años,27361,13591,13770
,21 años,26341,13285,13056
,22 años,28988,15133,13855
,23 años,26865,14115,12750
,24 años,26136,12571,13565
,25 años,24692,12020,12672
,26 años,21932,10235,11697
,27 años,24028,12228,11800
,28 años,23184,11544,11640
,29 años,21971,10785,11186
,30 años,26245,12876,13369
,31 años,17079,8391,8688
,32 años,22545,11066,11479
,33 años,19690,9530,10160
,34 años,20462,10658,9804
,35 años,21324,9834,11490
,36 años,18773,8671,10102
,37 años,17468,9363,8105
,38 años,19820,9236,10584
,39 años,18402,8653,9749
,40 años,23722,11644,12078
,41 años,13813,7019,6794
,42 años,22303,10543,11760
,43 años,17376,7850,9526
,44 años,15055,6938,8117
,45 años,18134,8999,9135
,46 años,14292,6390,7902
,47 años,15299,7483,7816
,48 años,14785,6526,8259
,49 años,14339,6199,8140
,50 años,18475,8524,9951
,51 años,10653,4809,5844
,52 años,15694,7236,8458
,53 años,13703,6762,6941
,54 años,12429,6311,6118
,55 años,12548,6328,6220
,56 años,11546,5753,5793
,57 años,10158,4472,5686
,58 años,10391,4493,5898
,59 años,9245,4282,4963
,60 años,12610,5766,6844
,61 años,6158,2868,3290
,62 años,9173,4358,4815
,63 años,8405,3470,4935
,64 años,8148,3870,4278
,65 años,10370,4352,6018
,66 años,6034,2726,3308
,67 años,6033,2966,3067
,68 años,5621,2635,2986
,69 años,4456,2061,2395
,70 años,6180,3062,3118
,71 años,3007,1188,1819
,72 años,4840,2362,2478
,73 años,3693,1656,2037
,74 años,3660,1609,2051
,75 años,3896,1526,2370
,76 años,2790,1337,1453
,77 años,1799,842,957
,78 años,2493,1040,1453
,79 años,1915,920,995
,80 años,2782,1303,1479
,81 años,1341,737,604
,82 años,1636,599,1037
,83 años,1212,383,829
,84 años,1321,614,707
,85 años,1351,503,848
,86 años,797,254,543
,87 años,883,295,588
,88 años,540,216,324
,89 años,723,408,315
,90 años,470,108,362
,91 años,308,114,194
,92 años,386,111,275
,93 años,183,89,94
,94 años,151,96,55
,95 años,316,135,181
,96 años,236,25,211
,97 años,125,57,68
,98 años,64,40,24
,99 años,87,36,51
,100 años y más,21,21,0
,No especificado,517,226,291
121 Zapotiltic,Total,29190,14282,14908
,0 años,513,278,235
,1 años,519,283,236
,2 años,517,292,225
,3 años,538,261,277
,4 años,524,295,229
,5 años,478,237,241
,6 años,585,293,292
,7 años,508,256,252
,8 años,505,259,246
,9 años,477,244,233
,10 años,479,229,250
,11 años,510,256,254
,12 años,560,294,266
,13 años,433,191,242
,14 años,552,220,332
,15 años,546,249,297
,16 años,408,202,206
,17 años,514,257,257
,18 años,561,293,268
,19 años,528,268,260
,20 años,555,263,292
,21 años,558,282,276
,22 años,563,283,280
,23 años,536,290,246
,24 años,549,276,273
,25 años,544,258,286
,26 años,509,274,235
,27 años,464,211,253
,28 años,472,216,256
,29 años,387,190,197
,30 años,419,189,230
,31 años,366,179,187
,32 años,385,195,190
,33 años,403,195,208
,34 años,308,155,153
,35 años,374,177,197
,36 años,384,181,203
,37 años,350,200,150
,38 años,435,203,232
,39 años,357,161,196
,40 años,429,197,232
,41 años,320,155,165
,42 años,389,185,204
,43 años,357,138,219
,44 años,385,176,209
,45 años,345,183,162
,46 años,256,114,142
,47 años,329,144,185
,48 años,312,169,143
,49 años,264,123,141
,50 años,340,133,207
,51 años,306,111,195
,52 años,295,155,140
,53 años,252,108,144
,54 años,311,136,175
,55 años,228,116,112
,56 años,278,121,157
,57 años,243,127,116
,58 años,217,93,124
,59 años,257,132,125
,60 años,261,148,113
,61 años,175,83,92
,62 años,204,110,94
,63 años,239,103,136
,64 años,195,79,116
,65 años,261,128,133
,66 años,162,78,84
,67 años,152,77,75
,68 años,164,95,69
,69 años,153,68,85
,70 años,164,95,69
,71 años,98,47,51
,72 años,157,84,73
,73 años,155,86,69
,74 años,174,97,77
,75 años,125,61,64
,76 años,95,51,44
,77 años,87,29,58
,78 años,101,55,46
,79 años,69,35,34
,80 años,86,36,50
,81 años,55,25,30
,82 años,75,36,39
,83 años,102,42,60
,84 años,67,43,24
,85 años,61,24,37
,86 años,55,25,30
,87 años,39,27,12
,88 años,15,3,12
,89 años,27,6,21
,90 años,40,21,19
,91 años,25,3,22
,92 años,12,0,12
,93 años,5,0,5
,94 años,22,15,7
,95 años,9,7,2
,96 años,6,3,3
,97 años,3,0,3
,99 años,3,3,0
,100 años y más,6,3,3
122 Zapotitlán de Vadillo,Total,7027,3559,3468
,0 años,113,63,50
,1 años,113,65,48
,2 años,120,63,57
,3 años,165,85,80
,4 años,143,66,77
,5 años,155,75,80
,6 años,148,78,70
,7 años,132,69,63
,8 años,136,73,63
,9 años,133,59,74
,10 años,138,67,71
,11 años,128,64,64
,12 años,165,93,72
,13 años,141,82,59
,14 años,165,84,81
,15 años,168,87,81
,16 años,136,71,65
,17 años,138,80,58
,18 años,116,55,61
,19 años,125,70,55
,20 años,133,85,48
,21 años,103,50,53
,22 años,135,81,54
,23 años,111,72,39
,24 años,100,50,50
,25 años,108,56,52
,26 años,95,41,54
,27 años,96,43,53
,28 años,109,64,45
,29 años,93,32,61
,30 años,105,56,49
,31 años,76,35,41
,32 años,88,42,46
,33 años,68,31,37
,34 años,81,51,30
,35 años,81,41,40
,36 años,111,49,62
,37 años,46,19,27
,38 años,85,36,49
,39 años,70,32,38
,40 años,103,50,53
,41 años,84,39,45
,42 años,98,43,55
,43 años,67,28,39
,44 años,63,43,20
,45 años,62,22,40
,46 años,69,43,26
,47 años,70,39,31
,48 años,52,27,25
,49 años,56,28,28
,50 años,70,35,35
,51 años,26,14,12
,52 años,74,39,35
,53 años,33,18,15
,54 años,70,32,38
,55 años,66,41,25
,56 años,47,23,24
,57 años,65,28,37
,58 años,61,27,34
,59 años,51,25,26
,60 años,63,29,34
,61 años,26,13,13
,62 años,41,18,23
,63 años,56,34,22
,64 años,43,19,24
,65 años,58,33,25
,66 años,45,14,31
,67 años,58,35,23
,68 años,42,18,24
,69 años,39,11,28
,70 años,39,15,24
,71 años,41,22,19
,72 años,54,19,35
,73 años,27,16,11
,74 años,50,23,27
,75 años,39,23,16
,76 años,25,16,9
,77 años,19,7,12
,78 años,32,11,21
,79 años,32,23,9
,80 años,38,21,17
,81 años,17,6,11
,82 años,20,11,9
,83 años,22,8,14
,84 años,24,9,15
,85 años,26,10,16
,86 años,22,14,8
,87 años,8,2,6
,88 años,7,5,2
,89 años,15,5,10
,90 años,4,0,4
,91 años,6,3,3
,92 años,8,2,6
,93 años,5,2,3
,94 años,8,2,6
,95 años,4,0,4
,96 años,1,0,1
,97 años,1,1,0
,99 años,1,0,1
,100 años y más,2,0,2
123 Zapotlán del Rey,Total,17893,8927,8966
,0 años,354,172,182
,1 años,351,192,159
,2 años,355,174,181
,3 años,392,207,185
,4 años,362,174,188
,5 años,361,191,170
,6 años,358,159,199
,7 años,313,158,155
,8 años,347,174,173
,9 años,354,210,144
,10 años,363,195,168
,11 años,369,173,196
,12 años,355,191,164
,13 años,364,177,187
,14 años,340,164,176
,15 años,319,179,140
,16 años,345,186,159
,17 años,321,150,171
,18 años,340,176,164
,19 años,277,136,141
,20 años,366,183,183
,21 años,294,161,133
,22 años,309,163,146
,23 años,321,159,162
,24 años,257,113,144
,25 años,289,135,154
,26 años,308,158,150
,27 años,285,139,146
,28 años,252,126,126
,29 años,249,116,133
,30 años,309,143,166
,31 años,183,86,97
,32 años,231,118,113
,33 años,254,128,126
,34 años,230,104,126
,35 años,241,113,128
,36 años,243,113,130
,37 años,259,147,112
,38 años,258,129,129
,39 años,218,102,116
,40 años,230,96,134
,41 años,230,101,129
,42 años,225,105,120
,43 años,214,126,88
,44 años,214,112,102
,45 años,207,115,92
,46 años,176,96,80
,47 años,162,87,75
,48 años,215,90,125
,49 años,144,59,85
,50 años,247,115,132
,51 años,141,67,74
,52 años,170,91,79
,53 años,113,54,59
,54 años,165,82,83
,55 años,113,51,62
,56 años,118,53,65
,57 años,123,72,51
,58 años,137,54,83
,59 años,129,63,66
,60 años,145,55,90
,61 años,95,44,51
,62 años,94,50,44
,63 años,115,64,51
,64 años,131,69,62
,65 años,132,66,66
,66 años,117,61,56
,67 años,119,74,45
,68 años,74,25,49
,69 años,73,34,39
,70 años,101,49,52
,71 años,59,35,24
,72 años,66,22,44
,73 años,60,26,34
,74 años,97,49,48
,75 años,71,44,27
,76 años,71,37,34
,77 años,52,36,16
,78 años,52,24,28
,79 años,31,17,14
,80 años,50,29,21
,81 años,43,22,21
,82 años,35,18,17
,83 años,27,16,11
,84 años,44,18,26
,85 años,29,17,12
,86 años,29,8,21
,87 años,25,15,10
,88 años,14,10,4
,89 años,11,3,8
,90 años,10,4,6
,91 años,3,0,3
,92 años,14,8,6
,93 años,7,3,4
,94 años,4,2,2
,95 años,4,2,2
,96 años,12,8,4
,97 años,6,0,6
,99 años,2,0,2
124 Zapotlanejo,Total,68519,33716,34803
,0 años,1190,567,623
,1 años,1283,670,613
,2 años,1551,796,755
,3 años,1310,676,634
,4 años,1440,666,774
,5 años,1432,851,581
,6 años,1422,642,780
,7 años,1351,682,669
,8 años,1297,709,588
,9 años,1303,729,574
,10 años,1370,618,752
,11 años,1286,628,658
,12 años,1391,754,637
,13 años,1422,687,735
,14 años,1467,746,721
,15 años,1448,746,702
,16 años,1327,626,701
,17 años,1145,507,638
,18 años,1456,709,747
,19 años,1403,752,651
,20 años,1295,725,570
,21 años,1185,572,613
,22 años,1223,654,569
,23 años,1287,620,667
,24 años,1174,597,577
,25 años,1186,554,632
,26 años,996,439,557
,27 años,1127,564,563
,28 años,1152,563,589
,29 años,974,441,533
,30 años,1149,558,591
,31 años,794,391,403
,32 años,1073,471,602
,33 años,953,459,494
,34 años,782,379,403
,35 años,1011,432,579
,36 años,879,436,443
,37 años,880,435,445
,38 años,993,448,545
,39 años,810,411,399
,40 años,1046,500,546
,41 años,851,433,418
,42 años,1135,650,485
,43 años,807,391,416
,44 años,773,311,462
,45 años,795,393,402
,46 años,682,299,383
,47 años,621,308,313
,48 años,801,434,367
,49 años,653,330,323
,50 años,756,325,431
,51 años,543,235,308
,52 años,693,334,359
,53 años,581,351,230
,54 años,449,208,241
,55 años,595,228,367
,56 años,423,234,189
,57 años,452,202,250
,58 años,398,195,203
,59 años,442,187,255
,60 años,533,273,260
,61 años,260,131,129
,62 años,468,207,261
,63 años,347,194,153
,64 años,373,179,194
,65 años,455,205,250
,66 años,289,146,143
,67 años,375,119,256
,68 años,314,147,167
,69 años,212,88,124
,70 años,428,215,213
,71 años,222,113,109
,72 años,220,88,132
,73 años,235,107,128
,74 años,194,95,99
,75 años,170,66,104
,76 años,182,86,96
,77 años,149,93,56
,78 años,214,102,112
,79 años,75,27,48
,80 años,195,101,94
,81 años,54,52,2
,82 años,90,73,17
,83 años,101,65,36
,84 años,90,31,59
,85 años,131,80,51
,86 años,79,31,48
,87 años,33,12,21
,88 años,30,18,12
,89 años,60,32,28
,90 años,51,21,30
,91 años,36,15,21
,92 años,34,18,16
,93 años,26,6,20
,94 años,27,6,21
,95 años,21,10,11
,96 años,6,6,0
,97 años,16,0,16
,99 años,6,0,6
,100 años y más,5,0,5
125 San Ignacio Cerro Gordo,Total,18952,9094,9858
,0 años,366,179,187
,1 años,348,207,141
,2 años,410,193,217
,3 años,424,239,185
,4 años,467,248,219
,5 años,405,199,206
,6 años,352,172,180
,7 años,394,192,202
,8 años,431,209,222
,9 años,461,264,197
,10 años,419,216,203
,11 años,412,194,218
,12 años,478,247,231
,13 años,398,218,180
,14 años,434,241,193
,15 años,385,189,196
,16 años,328,140,188
,17 años,306,153,153
,18 años,345,115,230
,19 años,301,102,199
,20 años,253,93,160
,21 años,269,98,171
,22 años,282,91,191
,23 años,319,140,179
,24 años,269,122,147
,25 años,325,136,189
,26 años,219,87,132
,27 años,318,147,171
,28 años,233,115,118
,29 años,286,122,164
,30 años,318,142,176
,31 años,207,110,97
,32 años,284,145,139
,33 años,257,131,126
,34 años,244,128,116
,35 años,282,136,146
,36 años,265,120,145
,37 años,305,125,180
,38 años,300,146,154
,39 años,241,122,119
,40 años,265,133,132
,41 años,256,145,111
,42 años,251,131,120
,43 años,243,103,140
,44 años,209,113,96
,45 años,205,82,123
,46 años,162,67,95
,47 años,188,89,99
,48 años,203,104,99
,49 años,190,88,102
,50 años,169,72,97
,51 años,178,75,103
,52 años,158,68,90
,53 años,173,82,91
,54 años,169,75,94
,55 años,138,81,57
,56 años,154,92,62
,57 años,142,80,62
,58 años,103,48,55
,59 años,102,53,49
,60 años,134,75,59
,61 años,73,35,38
,62 años,110,51,59
,63 años,109,59,50
,64 años,154,75,79
,65 años,122,54,68
,66 años,95,26,69
,67 años,110,60,50
,68 años,75,52,23
,69 años,54,16,38
,70 años,65,39,26
,71 años,56,19,37
,72 años,101,41,60
,73 años,89,38,51
,74 años,83,35,48
,75 años,68,35,33
,76 años,72,37,35
,77 años,51,24,27
,78 años,50,28,22
,79 años,34,16,18
,80 años,38,23,15
,81 años,15,9,6
,82 años,25,12,13
,83 años,23,11,12
,84 años,25,13,12
,85 años,31,13,18
,86 años,14,7,7
,87 años,9,5,4
,88 años,6,4,2
,89 años,10,6,4
,90 años,23,4,19
,91 años,2,0,2
,92 años,4,2,2
,93 años,9,9,0
,94 años,6,0,6
,98 años,2,2,0
,99 años,3,3,0
,No especificado,4,2,2